0.707989	-0.0208872	597.485	-1.48275e-014	1.59824e-015
1.45105	-0.0147081	576.893	-1.16427e-014	1.6121e-015
2.19456	-0.0123292	569.131	-9.1691e-015	1.62315e-015
2.93852	-0.00898607	558.374	-7.21147e-015	1.63205e-015
3.6829	-0.00651985	550.552	-5.67196e-015	1.63931e-015
4.42771	-0.00426846	543.493	-4.45935e-015	1.64537e-015
5.17293	-0.00245468	537.864	-3.50548e-015	1.65053e-015
5.91855	-0.000900286	533.08	-2.75405e-015	1.65506e-015
6.66456	0.000322618	529.341	-2.16329e-015	1.65917e-015
7.41096	0.0013421	526.242	-1.69801e-015	1.663e-015
8.15773	0.00212068	523.886	-1.33207e-015	1.66669e-015
8.90486	0.00270573	522.122	-1.04426e-015	1.67033e-015
9.65234	0.00311396	520.894	-8.1797e-016	1.674e-015
10.4002	0.00337548	520.108	-6.39947e-016	1.67777e-015
11.1483	0.00351256	519.697	-5.00271e-016	1.68167e-015
11.8968	0.00354594	519.597	-3.90198e-016	1.68575e-015
12.6456	0.00350418	519.722	-3.04384e-016	1.69003e-015
13.3947	0.00336633	520.136	-2.36473e-016	1.69454e-015
14.1441	0.00320272	520.627	-1.83307e-016	1.6993e-015
14.8938	0.00299812	521.242	-1.41256e-016	1.70432e-015
15.6437	0.00274167	522.014	-1.08591e-016	1.7096e-015
16.3939	0.00247724	522.81	-8.33586e-017	1.71516e-015
17.1444	0.00220516	523.631	-6.29088e-017	1.72101e-015
17.895	0.00191826	524.498	-4.72648e-017	1.72714e-015
18.646	0.00164292	525.331	-3.47532e-017	1.73356e-015
19.3971	0.00134987	526.219	-2.53946e-017	1.74028e-015
20.1485	0.00108515	527.022	-1.82729e-017	1.74729e-015
20.9	0.000822338	527.82	-1.20935e-017	1.75459e-015
21.6518	0.000579881	528.558	-7.84223e-018	1.76219e-015
22.4037	0.000352395	529.251	-3.82097e-018	1.77008e-015
23.1558	0.00013593	529.911	-9.25846e-019	1.77827e-015
23.908	-6.2544e-005	530.516	9.206e-019	1.78674e-015
24.6604	-0.000230704	531.03	2.10761e-018	1.79551e-015
25.413	-0.000404051	531.56	3.50056e-018	1.80457e-015
26.1656	-0.000543176	531.986	4.02134e-018	1.81392e-015
26.9184	-0.000671758	532.379	5.77721e-018	1.82356e-015
27.6713	-0.000788539	532.737	5.71671e-018	1.83348e-015
28.4243	-0.00088852	533.044	6.37343e-018	1.84369e-015
29.1773	-0.000974425	533.307	5.62754e-018	1.85418e-015
29.9305	-0.00104827	533.533	6.7637e-018	1.86494e-015
30.6837	-0.00111202	533.729	6.53044e-018	1.87599e-015
31.437	-0.00116424	533.889	6.86434e-018	1.88731e-015
32.1903	-0.00120946	534.028	7.56612e-018	1.8989e-015
32.9436	-0.00124579	534.14	5.99043e-018	1.91076e-015
33.697	-0.00127199	534.22	7.45212e-018	1.9229e-015
34.4504	-0.00129383	534.287	7.63034e-018	1.93529e-015
35.2037	-0.0013105	534.339	6.32006e-018	1.94795e-015
35.9571	-0.00132214	534.374	6.17665e-018	1.96087e-015
36.7105	-0.0013309	534.401	6.18931e-018	1.97405e-015
37.4638	-0.00133099	534.402	6.29577e-018	1.98749e-015
38.2171	-0.00133336	534.409	6.4221e-018	2.00117e-015
38.9704	-0.00133449	534.412	6.48488e-018	2.01511e-015
39.7236	-0.00133148	534.403	6.92674e-018	2.02929e-015
40.4767	-0.00132239	534.375	6.24624e-018	2.04372e-015
41.2298	-0.00131791	534.361	6.16024e-018	2.05839e-015
41.9828	-0.0013161	534.356	6.17698e-018	2.0733e-015
42.7356	-0.00130235	534.314	6.05282e-018	2.08844e-015
43.4884	-0.00130068	534.308	6.05454e-018	2.10381e-015
44.2411	-0.00129176	534.281	5.93513e-018	2.11941e-015
44.9936	-0.00128869	534.272	5.98847e-018	2.13523e-015
45.746	-0.00128815	534.27	5.8264e-018	2.15128e-015
46.4983	-0.00127596	534.233	5.5651e-018	2.16755e-015
47.2504	-0.00126341	534.194	6.19319e-018	2.18403e-015
48.0023	-0.00126486	534.198	5.07105e-018	2.20072e-015
48.7541	-0.00125336	534.163	5.74485e-018	2.21763e-015
49.5057	-0.00124957	534.151	5.98476e-018	2.23473e-015
50.2571	-0.00125588	534.171	5.13895e-018	2.25204e-015
51.0083	-0.00125973	534.183	4.51858e-018	2.26955e-015
51.7592	-0.00125113	534.156	5.81624e-018	2.28725e-015
52.51	-0.00124189	534.128	5.6681e-018	2.30514e-015
53.2605	-0.00125376	534.164	4.12101e-018	2.32322e-015
54.0108	-0.00125104	534.156	4.64768e-018	2.34148e-015
54.7609	-0.00122562	534.078	4.8253e-018	2.35993e-015
55.5107	-0.00123235	534.099	5.34287e-018	2.37855e-015
56.2603	-0.00125238	534.16	4.23473e-018	2.39734e-015
57.0095	-0.00123138	534.096	4.4929e-018	2.4163e-015
57.7585	-0.00122974	534.091	4.49252e-018	2.43542e-015
58.5072	-0.00123999	534.122	4.29972e-018	2.45471e-015
59.2556	-0.00124653	534.142	4.30185e-018	2.47415e-015
60.0037	-0.00123349	534.102	4.54539e-018	2.49375e-015
60.7515	-0.00123149	534.096	4.53672e-018	2.51349e-015
61.499	-0.0012448	534.137	4.13649e-018	2.53338e-015
62.2461	-0.00124919	534.15	4.07512e-018	2.55342e-015
62.9929	-0.0012615	534.188	3.95025e-018	2.57359e-015
63.7393	-0.00125264	534.161	3.00129e-018	2.59389e-015
64.4854	-0.00124788	534.146	4.24781e-018	2.61432e-015
65.2311	-0.00124406	534.135	3.4498e-018	2.63488e-015
65.9765	-0.00124151	534.127	4.1299e-018	2.65556e-015
66.7215	-0.00125754	534.176	3.49081e-018	2.67636e-015
67.4661	-0.00124122	534.126	3.4539e-018	2.69726e-015
68.2103	-0.0012565	534.173	3.74523e-018	2.71828e-015
68.9541	-0.00124871	534.149	3.55775e-018	2.73941e-015
69.6975	-0.00127887	534.241	3.62908e-018	2.76063e-015
70.4405	-0.0012479	534.146	2.96517e-018	2.78195e-015
71.1831	-0.00125598	534.171	2.53985e-018	2.80337e-015
71.9252	-0.00126663	534.204	3.37601e-018	2.82487e-015
72.6669	-0.00125471	534.167	3.40432e-018	2.84646e-015
73.4082	-0.00126165	534.189	2.68648e-018	2.86813e-015
74.149	-0.00128208	534.251	2.21977e-018	2.88987e-015
74.8893	-0.00126138	534.188	2.78117e-018	2.91169e-015
75.6292	-0.00124892	534.149	3.24271e-018	2.93357e-015
76.3687	-0.00124713	534.144	1.81363e-018	2.95552e-015
77.1076	-0.00125514	534.169	2.5405e-018	2.97753e-015
77.8461	-0.00123728	534.114	2.58543e-018	2.9996e-015
78.5841	-0.00125747	534.176	2.07451e-018	3.02172e-015
79.3216	-0.00125991	534.183	2.17022e-018	3.04388e-015
80.0587	-0.00123587	534.109	2.77489e-018	3.06609e-015
80.7952	-0.00125257	534.161	2.39946e-018	3.08834e-015
81.5312	-0.00127106	534.217	1.9971e-018	3.11062e-015
82.2667	-0.00125952	534.182	1.49652e-018	3.13294e-015
83.0017	-0.00124589	534.14	2.40673e-018	3.15528e-015
83.7361	-0.00125554	534.17	1.89419e-018	3.17765e-015
84.47	-0.00121441	534.043	2.76553e-018	3.20004e-015
85.2034	-0.00122928	534.089	1.72743e-018	3.22244e-015
85.9363	-0.00125037	534.154	8.45625e-019	3.24486e-015
86.6686	-0.00124572	534.14	9.30037e-019	3.26728e-015
87.4004	-0.00121736	534.053	1.61947e-018	3.2897e-015
88.1316	-0.00121768	534.053	1.62725e-018	3.31213e-015
88.8623	-0.00124382	534.134	1.2874e-018	3.33455e-015
89.5924	-0.00122983	534.091	1.31034e-018	3.35696e-015
90.322	-0.00122622	534.08	1.12672e-018	3.37937e-015
91.051	-0.00123337	534.102	1.0473e-018	3.40175e-015
91.7794	-0.0012187	534.057	8.83215e-019	3.42412e-015
92.5072	-0.00120167	534.004	1.22366e-018	3.44647e-015
93.2345	-0.00121526	534.046	1.16648e-018	3.46878e-015
93.9612	-0.00120345	534.01	6.57703e-019	3.49107e-015
94.6873	-0.0011719	533.913	1.64418e-018	3.51332e-015
95.4129	-0.00117707	533.929	6.48989e-019	3.53554e-015
96.1378	-0.00118111	533.941	6.90777e-019	3.55771e-015
96.8622	-0.00118376	533.949	7.51769e-021	3.57984e-015
97.5859	-0.00117317	533.917	8.63463e-019	3.60192e-015
98.3091	-0.00116055	533.878	4.41978e-020	3.62394e-015
99.0317	-0.00114201	533.821	1.02269e-018	3.64591e-015
99.7536	-0.00116474	533.891	6.10449e-020	3.66782e-015
100.475	-0.00113416	533.797	6.55703e-019	3.68967e-015
101.196	-0.00113876	533.811	1.97443e-019	3.71145e-015
101.916	-0.0011536	533.857	-3.59073e-019	3.73316e-015
102.636	-0.00111928	533.751	6.14725e-019	3.7548e-015
103.355	-0.00112046	533.755	2.14747e-019	3.77636e-015
104.073	-0.00113367	533.796	-1.61745e-019	3.79785e-015
104.791	-0.00113725	533.807	-3.5195e-019	3.81924e-015
105.508	-0.00109373	533.673	1.78587e-019	3.84056e-015
106.224	-0.00109384	533.673	8.01212e-020	3.86178e-015
106.94	-0.0011147	533.737	-4.37549e-019	3.88291e-015
107.656	-0.00107542	533.617	1.30699e-019	3.90394e-015
108.37	-0.00105695	533.56	4.85286e-019	3.92487e-015
109.084	-0.00107056	533.602	1.67906e-019	3.9457e-015
109.798	-0.00107935	533.629	-1.40592e-018	3.96643e-015
110.511	-0.00104719	533.53	-7.09667e-019	3.98704e-015
111.223	-0.00104635	533.528	-5.83772e-020	4.00755e-015
111.935	-0.00107148	533.605	-1.66355e-018	4.02794e-015
112.646	-0.00101916	533.444	-4.5388e-019	4.04821e-015
113.356	-0.00101432	533.429	-8.88442e-020	4.06837e-015
114.066	-0.00103091	533.48	-5.13255e-019	4.0884e-015
114.775	-0.00101893	533.443	-2.61697e-019	4.1083e-015
115.484	-0.00100544	533.402	-1.13253e-018	4.12808e-015
116.192	-0.000990127	533.355	-1.03052e-018	4.14772e-015
116.899	-0.000999874	533.385	-1.32073e-018	4.16723e-015
117.606	-0.000961488	533.267	-8.41466e-019	4.18661e-015
118.312	-0.000954269	533.245	-7.59143e-019	4.20584e-015
119.018	-0.000966301	533.282	-1.10594e-018	4.22493e-015
119.723	-0.000961418	533.267	-1.17809e-018	4.24388e-015
120.427	-0.000950898	533.235	-1.19464e-018	4.26268e-015
121.131	-0.000939758	533.201	-9.67457e-019	4.28133e-015
121.834	-0.000919543	533.139	-7.66184e-019	4.29983e-015
122.537	-0.00094743	533.224	-2.02591e-018	4.31817e-015
123.239	-0.000914892	533.124	-1.38797e-018	4.33636e-015
123.94	-0.000929155	533.168	-1.48523e-018	4.35439e-015
124.641	-0.000877992	533.011	-1.37508e-018	4.37226e-015
125.342	-0.000902475	533.086	-1.27675e-018	4.38996e-015
126.041	-0.000882758	533.026	-1.06522e-018	4.4075e-015
126.741	-0.000886575	533.038	-1.00292e-018	4.42487e-015
127.439	-0.000866923	532.977	-1.8618e-018	4.44207e-015
128.137	-0.000851248	532.929	-1.66072e-018	4.4591e-015
128.835	-0.000866941	532.977	-1.20622e-018	4.47595e-015
129.532	-0.000850327	532.926	-9.08227e-019	4.49263e-015
130.228	-0.000844829	532.91	-1.97798e-018	4.50913e-015
130.924	-0.000860376	532.957	-1.83249e-018	4.52544e-015
131.62	-0.000858552	532.952	-2.07717e-018	4.54158e-015
132.314	-0.000859567	532.955	-2.28134e-018	4.55753e-015
133.009	-0.000844061	532.907	-2.17308e-018	4.5733e-015
133.702	-0.000848026	532.919	-1.85021e-018	4.58887e-015
134.396	-0.000830919	532.867	-2.00723e-018	4.60426e-015
135.088	-0.000823676	532.845	-1.84661e-018	4.61946e-015
135.781	-0.00081979	532.833	-1.79284e-018	4.63446e-015
136.472	-0.000817367	532.825	-1.98351e-018	4.64927e-015
137.164	-0.000820539	532.835	-1.91046e-018	4.66388e-015
137.854	-0.00081379	532.814	-2.12526e-018	4.67829e-015
138.544	-0.000787817	532.735	-1.70297e-018	4.69251e-015
139.234	-0.000770416	532.682	-1.54197e-018	4.70652e-015
139.923	-0.000784526	532.725	-1.80784e-018	4.72033e-015
140.612	-0.000787634	532.734	-2.9352e-018	4.73394e-015
141.301	-0.000785056	532.726	-2.95144e-018	4.74734e-015
141.988	-0.0007789	532.708	-2.35907e-018	4.76053e-015
142.676	-0.000748759	532.615	-2.29621e-018	4.77351e-015
143.363	-0.000756447	532.639	-2.26687e-018	4.78629e-015
144.049	-0.000729479	532.556	-1.82229e-018	4.79885e-015
144.735	-0.000726797	532.548	-2.3447e-018	4.8112e-015
145.421	-0.000719786	532.526	-2.00713e-018	4.82334e-015
146.106	-0.000698024	532.46	-2.6159e-018	4.83526e-015
146.791	-0.000693215	532.445	-2.20198e-018	4.84697e-015
147.476	-0.000664667	532.358	-2.11501e-018	4.85845e-015
148.16	-0.000650637	532.315	-2.35212e-018	4.86972e-015
148.843	-0.000630809	532.254	-2.54573e-018	4.88077e-015
149.526	-0.000614122	532.203	-2.19717e-018	4.8916e-015
150.209	-0.000589997	532.129	-2.87512e-018	4.90221e-015
150.892	-0.0005755	532.085	-2.54215e-018	4.91259e-015
151.574	-0.000552761	532.015	-3.02802e-018	4.92275e-015
152.256	-0.000525356	531.931	-2.00255e-018	4.93269e-015
152.937	-0.000500311	531.854	-2.00707e-018	4.9424e-015
153.618	-0.000459999	531.731	-2.76819e-018	4.95188e-015
154.299	-0.000423285	531.619	-2.51031e-018	4.96113e-015
154.979	-0.00039049	531.518	-1.97017e-018	4.97016e-015
155.659	-0.000358723	531.421	-1.52333e-018	4.97896e-015
156.339	-0.000339801	531.363	-3.05978e-018	4.98752e-015
157.018	-0.000302598	531.25	-2.86182e-018	4.99586e-015
157.698	-0.000255511	531.106	-2.63982e-018	5.00396e-015
158.377	-0.000224447	531.011	-2.80512e-018	5.01184e-015
159.055	-0.000188925	530.902	-2.3064e-018	5.01947e-015
159.733	-0.000159078	530.811	-2.89242e-018	5.02688e-015
160.412	-0.000123656	530.703	-2.91028e-018	5.03405e-015
161.089	-9.53773e-005	530.617	-2.82527e-018	5.04098e-015
161.767	-7.01241e-005	530.539	-2.55489e-018	5.04768e-015
162.444	-6.34171e-005	530.519	-2.79439e-018	5.05414e-015
163.121	-6.17042e-005	530.514	-2.97273e-018	5.06037e-015
163.798	-7.41395e-005	530.552	-3.30747e-018	5.06636e-015
164.475	-8.95183e-005	530.599	-3.04718e-018	5.07211e-015
165.151	-0.000110402	530.662	-3.26746e-018	5.07762e-015
165.828	-0.000161703	530.819	-3.50739e-018	5.08289e-015
166.504	-0.000233444	531.038	-3.96739e-018	5.08792e-015
167.18	-0.000329762	531.333	-4.10349e-018	5.09271e-015
167.855	-0.000435488	531.656	-4.16977e-018	5.09726e-015
168.531	-0.000576133	532.087	-4.69355e-018	5.10157e-015
169.206	-0.000748669	532.615	-4.79186e-018	5.10564e-015
169.882	-0.000963603	533.274	-5.32575e-018	5.10946e-015
170.557	-0.00120932	534.028	-5.70185e-018	5.11304e-015
171.232	-0.00148572	534.877	-5.96263e-018	5.11638e-015
171.907	-0.00181673	535.896	-6.32926e-018	5.11948e-015
172.582	-0.00218905	537.044	-7.08781e-018	5.12233e-015
173.256	-0.00260534	538.33	-7.40469e-018	5.12494e-015
173.931	-0.0030679	539.761	-5.8577e-018	5.1273e-015
174.605	-0.003564	541.301	-4.32407e-018	5.12941e-015
175.28	-0.00409362	542.948	-2.35563e-018	5.13128e-015
175.954	-0.00463984	544.652	1.56491e-018	5.1329e-015
176.629	-0.00516834	546.305	6.80589e-018	5.13427e-015
177.303	-0.00565122	547.819	1.17724e-017	5.13539e-015
177.977	-0.00605153	549.077	1.08346e-017	5.13626e-015
178.652	-0.00634668	550.006	-4.67393e-018	5.13688e-015
179.326	-0.00652243	550.56	-2.65006e-017	5.13725e-015
180	-0.00657992	550.741	-3.00768e-017	5.13738e-015
180.674	-0.00652243	550.56	-2.63107e-017	5.13725e-015
181.348	-0.00634668	550.006	-4.11748e-018	5.13688e-015
182.023	-0.00605153	549.077	1.01639e-017	5.13626e-015
182.697	-0.00565122	547.819	1.19401e-017	5.13539e-015
183.371	-0.00516834	546.305	6.93127e-018	5.13427e-015
184.046	-0.00463984	544.652	6.78504e-019	5.1329e-015
184.72	-0.00409362	542.948	-3.02718e-018	5.13128e-015
185.395	-0.003564	541.301	-4.6387e-018	5.12941e-015
186.069	-0.0030679	539.761	-5.95608e-018	5.1273e-015
186.744	-0.00260534	538.33	-6.28491e-018	5.12494e-015
187.418	-0.00218904	537.044	-6.39675e-018	5.12233e-015
188.093	-0.00181673	535.896	-6.94861e-018	5.11948e-015
188.768	-0.00148572	534.877	-5.79878e-018	5.11639e-015
189.443	-0.00120932	534.028	-5.87598e-018	5.11305e-015
190.118	-0.000963603	533.274	-5.24578e-018	5.10946e-015
190.794	-0.000748669	532.615	-4.85945e-018	5.10564e-015
191.469	-0.000576133	532.087	-4.49362e-018	5.10157e-015
192.145	-0.000435487	531.656	-4.25622e-018	5.09726e-015
192.82	-0.000329762	531.333	-4.17337e-018	5.09271e-015
193.496	-0.000233444	531.038	-3.98561e-018	5.08792e-015
194.172	-0.000161702	530.819	-3.40877e-018	5.08289e-015
194.849	-0.000110402	530.662	-3.18397e-018	5.07762e-015
195.525	-8.95179e-005	530.599	-3.25182e-018	5.07211e-015
196.202	-7.41391e-005	530.552	-3.34359e-018	5.06636e-015
196.879	-6.17038e-005	530.514	-3.08604e-018	5.06037e-015
197.556	-6.34167e-005	530.519	-3.08789e-018	5.05415e-015
198.233	-7.01236e-005	530.539	-2.76356e-018	5.04769e-015
198.911	-9.53769e-005	530.617	-2.37348e-018	5.04099e-015
199.588	-0.000123656	530.703	-2.92715e-018	5.03405e-015
200.267	-0.000159077	530.811	-2.8521e-018	5.02688e-015
200.945	-0.000188924	530.902	-2.47998e-018	5.01948e-015
201.623	-0.000224446	531.011	-2.76623e-018	5.01184e-015
202.302	-0.00025551	531.106	-1.99201e-018	5.00397e-015
202.982	-0.000302598	531.25	-3.1863e-018	4.99587e-015
203.661	-0.0003398	531.363	-2.3203e-018	4.98753e-015
204.341	-0.000358723	531.421	-1.85141e-018	4.97896e-015
205.021	-0.000390489	531.518	-2.03427e-018	4.97017e-015
205.701	-0.000423284	531.619	-2.84296e-018	4.96114e-015
206.382	-0.000459998	531.731	-2.01026e-018	4.95189e-015
207.063	-0.00050031	531.854	-2.5416e-018	4.9424e-015
207.744	-0.000525355	531.931	-3.04163e-018	4.93269e-015
208.426	-0.00055276	532.015	-2.2097e-018	4.92276e-015
209.108	-0.0005755	532.085	-2.4237e-018	4.9126e-015
209.791	-0.000589997	532.129	-2.56641e-018	4.90221e-015
210.474	-0.000614122	532.203	-1.86282e-018	4.89161e-015
211.157	-0.000630809	532.254	-2.39317e-018	4.88078e-015
211.84	-0.000650636	532.315	-2.60445e-018	4.86973e-015
212.524	-0.000664666	532.358	-2.56228e-018	4.85846e-015
213.209	-0.000693215	532.445	-2.90045e-018	4.84697e-015
213.894	-0.000698024	532.46	-2.62641e-018	4.83526e-015
214.579	-0.000719786	532.526	-2.08153e-018	4.82334e-015
215.265	-0.000726796	532.548	-2.32881e-018	4.8112e-015
215.951	-0.000729479	532.556	-1.76289e-018	4.79885e-015
216.637	-0.000756447	532.639	-2.55531e-018	4.78629e-015
217.324	-0.000748759	532.615	-2.28765e-018	4.77352e-015
218.012	-0.000778899	532.708	-1.92616e-018	4.76053e-015
218.699	-0.000785056	532.726	-2.78877e-018	4.74734e-015
219.388	-0.000787634	532.734	-1.92342e-018	4.73394e-015
220.077	-0.000784525	532.725	-1.81698e-018	4.72033e-015
220.766	-0.000770415	532.682	-1.85805e-018	4.70652e-015
221.456	-0.000787816	532.735	-1.81453e-018	4.69251e-015
222.146	-0.00081379	532.814	-2.68374e-018	4.6783e-015
222.836	-0.000820538	532.835	-2.09609e-018	4.66388e-015
223.528	-0.000817367	532.825	-1.9321e-018	4.64927e-015
224.219	-0.000819789	532.833	-1.78623e-018	4.63446e-015
224.912	-0.000823676	532.845	-1.88185e-018	4.61946e-015
225.604	-0.000830918	532.867	-1.85694e-018	4.60426e-015
226.298	-0.000848025	532.919	-2.26792e-018	4.58887e-015
226.991	-0.000844061	532.907	-1.36035e-018	4.5733e-015
227.686	-0.000859566	532.955	-2.20474e-018	4.55753e-015
228.38	-0.000858552	532.952	-1.72729e-018	4.54158e-015
229.076	-0.000860376	532.957	-1.97851e-018	4.52544e-015
229.772	-0.000844828	532.91	-1.85797e-018	4.50913e-015
230.468	-0.000850326	532.926	-1.44167e-018	4.49263e-015
231.165	-0.00086694	532.977	-2.38423e-018	4.47595e-015
231.863	-0.000851248	532.929	-5.52083e-019	4.4591e-015
232.561	-0.000866922	532.977	-8.46621e-019	4.44207e-015
233.259	-0.000886574	533.038	-1.99796e-018	4.42487e-015
233.959	-0.000882758	533.026	-9.40283e-019	4.4075e-015
234.658	-0.000902475	533.086	-1.90069e-018	4.38996e-015
235.359	-0.000877991	533.011	-1.36967e-018	4.37226e-015
236.06	-0.000929155	533.168	-1.24457e-018	4.35439e-015
236.761	-0.000914891	533.124	-1.6033e-018	4.33637e-015
237.463	-0.000947429	533.224	-1.26045e-018	4.31818e-015
238.166	-0.000919542	533.139	-6.97287e-019	4.29983e-015
238.869	-0.000939757	533.201	-7.41171e-019	4.28133e-015
239.573	-0.000950897	533.235	-1.16546e-018	4.26268e-015
240.277	-0.000961417	533.267	-2.40939e-018	4.24388e-015
240.982	-0.0009663	533.282	-1.05877e-018	4.22494e-015
241.688	-0.000954268	533.245	-9.27354e-019	4.20584e-015
242.394	-0.000961487	533.267	-7.1025e-019	4.18661e-015
243.101	-0.000999874	533.385	-4.51976e-019	4.16724e-015
243.808	-0.000990126	533.355	-9.36488e-019	4.14773e-015
244.516	-0.00100544	533.402	-1.20461e-018	4.12808e-015
245.225	-0.00101893	533.443	-1.08613e-018	4.10831e-015
245.934	-0.00103091	533.48	-1.11992e-019	4.0884e-015
246.644	-0.00101432	533.429	-5.42094e-020	4.06837e-015
247.354	-0.00101916	533.444	5.08216e-019	4.04822e-015
248.065	-0.00107148	533.605	-1.40399e-018	4.02795e-015
248.777	-0.00104635	533.528	-8.10781e-019	4.00756e-015
249.489	-0.00104719	533.53	-7.46585e-019	3.98705e-015
250.202	-0.00107935	533.629	-1.01417e-018	3.96644e-015
250.916	-0.00107056	533.602	-3.26884e-020	3.94571e-015
251.63	-0.00105695	533.56	-4.82676e-019	3.92488e-015
252.344	-0.00107542	533.617	2.23303e-019	3.90395e-015
253.06	-0.0011147	533.737	-4.35296e-019	3.88291e-015
253.776	-0.00109384	533.673	1.9979e-019	3.86179e-015
254.492	-0.00109374	533.673	1.38001e-019	3.84057e-015
255.209	-0.00113725	533.807	-4.38315e-019	3.81925e-015
255.927	-0.00113367	533.796	-1.23475e-019	3.79786e-015
256.645	-0.00112047	533.755	2.97532e-019	3.77638e-015
257.364	-0.00111928	533.751	1.83336e-019	3.75481e-015
258.084	-0.00115361	533.857	-2.99811e-019	3.73318e-015
258.804	-0.00113877	533.811	2.10473e-019	3.71147e-015
259.525	-0.00113417	533.797	3.29925e-019	3.68969e-015
260.246	-0.00116475	533.891	2.5033e-019	3.66784e-015
260.968	-0.00114201	533.821	9.25671e-019	3.64593e-015
261.691	-0.00116056	533.878	1.03811e-018	3.62396e-015
262.414	-0.00117318	533.917	1.98812e-019	3.60193e-015
263.138	-0.00118377	533.949	6.5244e-019	3.57985e-015
263.862	-0.00118112	533.941	9.17645e-019	3.55772e-015
264.587	-0.00117708	533.929	1.00122e-018	3.53555e-015
265.313	-0.00117191	533.913	1.35597e-018	3.51334e-015
266.039	-0.00120347	534.01	9.29213e-019	3.49108e-015
266.765	-0.00121527	534.046	3.07139e-019	3.46879e-015
267.493	-0.00120168	534.004	1.32127e-018	3.44648e-015
268.221	-0.00121871	534.057	9.78564e-019	3.42413e-015
268.949	-0.00123337	534.102	9.4585e-019	3.40176e-015
269.678	-0.00122622	534.08	1.10904e-018	3.37938e-015
270.408	-0.00122983	534.091	1.19253e-018	3.35697e-015
271.138	-0.00124383	534.134	1.26092e-018	3.33456e-015
271.868	-0.00121768	534.053	1.46331e-018	3.31214e-015
272.6	-0.00121736	534.053	1.50828e-018	3.28971e-015
273.331	-0.00124572	534.14	1.23601e-018	3.26728e-015
274.064	-0.00125037	534.154	1.97362e-018	3.24486e-015
274.797	-0.00122927	534.089	2.57888e-018	3.22244e-015
275.53	-0.0012144	534.043	1.64457e-018	3.20004e-015
276.264	-0.00125553	534.17	1.53584e-018	3.17765e-015
276.998	-0.00124589	534.14	2.38329e-018	3.15529e-015
277.733	-0.00125951	534.182	2.04952e-018	3.13294e-015
278.469	-0.00127105	534.217	1.51589e-018	3.11062e-015
279.205	-0.00125256	534.161	1.60143e-018	3.08834e-015
279.941	-0.00123586	534.109	2.38999e-018	3.06609e-015
280.678	-0.0012599	534.183	1.3737e-018	3.04388e-015
281.416	-0.00125746	534.176	2.46784e-018	3.02172e-015
282.154	-0.00123727	534.114	2.89409e-018	2.9996e-015
282.892	-0.00125513	534.169	2.77941e-018	2.97753e-015
283.631	-0.00124712	534.144	2.73866e-018	2.95552e-015
284.371	-0.00124891	534.149	2.58183e-018	2.93357e-015
285.111	-0.00126137	534.188	2.66447e-018	2.91169e-015
285.851	-0.00128208	534.251	2.38249e-018	2.88987e-015
286.592	-0.00126164	534.189	3.3138e-018	2.86813e-015
287.333	-0.00125471	534.167	3.61639e-018	2.84646e-015
288.075	-0.00126663	534.204	3.35154e-018	2.82487e-015
288.817	-0.00125598	534.171	2.82486e-018	2.80337e-015
289.56	-0.00124789	534.146	2.87749e-018	2.78195e-015
290.302	-0.00127887	534.241	2.70072e-018	2.76063e-015
291.046	-0.00124871	534.149	2.8214e-018	2.73941e-015
291.79	-0.00125649	534.173	3.23987e-018	2.71828e-015
292.534	-0.00124122	534.126	4.1116e-018	2.69727e-015
293.279	-0.00125753	534.176	3.78903e-018	2.67636e-015
294.023	-0.00124151	534.127	4.13466e-018	2.65556e-015
294.769	-0.00124406	534.135	3.94277e-018	2.63488e-015
295.515	-0.00124788	534.146	4.0513e-018	2.61432e-015
296.261	-0.00125264	534.161	4.01349e-018	2.59389e-015
297.007	-0.0012615	534.188	3.70069e-018	2.57359e-015
297.754	-0.00124919	534.15	3.82465e-018	2.55342e-015
298.501	-0.0012448	534.137	4.24218e-018	2.53339e-015
299.249	-0.00123149	534.096	4.42922e-018	2.5135e-015
299.996	-0.00123349	534.102	4.34998e-018	2.49375e-015
300.744	-0.00124653	534.142	4.09438e-018	2.47415e-015
301.493	-0.00123999	534.122	4.23293e-018	2.45471e-015
302.241	-0.00122974	534.091	4.46939e-018	2.43543e-015
302.99	-0.00123139	534.096	4.72989e-018	2.4163e-015
303.74	-0.00125239	534.16	4.21761e-018	2.39734e-015
304.489	-0.00123235	534.099	4.96266e-018	2.37855e-015
305.239	-0.00122562	534.078	5.51718e-018	2.35993e-015
305.989	-0.00125104	534.156	4.96898e-018	2.34149e-015
306.739	-0.00125376	534.164	4.53463e-018	2.32322e-015
307.49	-0.00124189	534.128	4.69768e-018	2.30514e-015
308.241	-0.00125113	534.156	5.86806e-018	2.28725e-015
308.992	-0.00125973	534.183	4.47951e-018	2.26955e-015
309.743	-0.00125588	534.171	5.53322e-018	2.25204e-015
310.494	-0.00124957	534.151	5.6957e-018	2.23473e-015
311.246	-0.00125336	534.163	5.25352e-018	2.21763e-015
311.998	-0.00126486	534.198	5.27043e-018	2.20072e-015
312.75	-0.00126341	534.194	5.7657e-018	2.18403e-015
313.502	-0.00127596	534.233	6.08192e-018	2.16755e-015
314.254	-0.00128815	534.27	5.54959e-018	2.15128e-015
315.006	-0.00128869	534.272	5.94198e-018	2.13523e-015
315.759	-0.00129176	534.281	6.1956e-018	2.11941e-015
316.512	-0.00130068	534.308	6.04704e-018	2.10381e-015
317.264	-0.00130235	534.314	6.12845e-018	2.08844e-015
318.017	-0.0013161	534.356	5.96472e-018	2.0733e-015
318.77	-0.00131791	534.361	6.28104e-018	2.05839e-015
319.523	-0.00132239	534.375	6.11701e-018	2.04372e-015
320.276	-0.00133148	534.403	5.99066e-018	2.0293e-015
321.03	-0.00133449	534.412	7.30231e-018	2.01511e-015
321.783	-0.00133336	534.409	5.96665e-018	2.00118e-015
322.536	-0.00133099	534.402	7.70924e-018	1.98749e-015
323.29	-0.0013309	534.401	6.13228e-018	1.97406e-015
324.043	-0.00132214	534.374	6.25654e-018	1.96088e-015
324.796	-0.0013105	534.339	6.11794e-018	1.94796e-015
325.55	-0.00129383	534.287	6.77794e-018	1.9353e-015
326.303	-0.00127199	534.22	6.88089e-018	1.9229e-015
327.056	-0.00124579	534.14	7.59673e-018	1.91077e-015
327.81	-0.00120946	534.028	6.15095e-018	1.8989e-015
328.563	-0.00116424	533.889	6.79672e-018	1.88731e-015
329.316	-0.00111202	533.729	6.85595e-018	1.87599e-015
330.07	-0.00104827	533.533	6.9397e-018	1.86494e-015
330.823	-0.000974425	533.307	6.57366e-018	1.85418e-015
331.576	-0.00088852	533.044	6.29032e-018	1.84369e-015
332.329	-0.000788539	532.737	5.68997e-018	1.83348e-015
333.082	-0.000671758	532.379	5.67547e-018	1.82356e-015
333.834	-0.000543176	531.986	4.51792e-018	1.81392e-015
334.587	-0.000404051	531.56	3.11424e-018	1.80457e-015
335.34	-0.000230704	531.03	1.96279e-018	1.79551e-015
336.092	-6.25441e-005	530.516	1.19152e-018	1.78674e-015
336.844	0.00013593	529.911	-1.63902e-018	1.77826e-015
337.596	0.000352395	529.251	-4.10326e-018	1.77008e-015
338.348	0.000579881	528.558	-7.80036e-018	1.76218e-015
339.1	0.000822338	527.82	-1.24962e-017	1.75459e-015
339.852	0.00108515	527.022	-1.78551e-017	1.74728e-015
340.603	0.00134987	526.219	-2.53536e-017	1.74027e-015
341.354	0.00164292	525.331	-3.45967e-017	1.73356e-015
342.105	0.00191826	524.498	-4.72031e-017	1.72714e-015
342.856	0.00220516	523.631	-6.31548e-017	1.721e-015
343.606	0.00247724	522.81	-8.30599e-017	1.71516e-015
344.356	0.00274167	522.014	-1.08928e-016	1.7096e-015
345.106	0.00299812	521.242	-1.41109e-016	1.70431e-015
345.856	0.00320272	520.627	-1.83069e-016	1.6993e-015
346.605	0.00336633	520.136	-2.36475e-016	1.69454e-015
347.354	0.00350418	519.722	-3.03918e-016	1.69003e-015
348.103	0.00354594	519.597	-3.90716e-016	1.68574e-015
348.852	0.00351256	519.697	-5.00402e-016	1.68166e-015
349.6	0.00337548	520.108	-6.40167e-016	1.67776e-015
350.348	0.00311396	520.894	-8.17952e-016	1.674e-015
351.095	0.00270573	522.122	-1.04414e-015	1.67032e-015
351.842	0.00212068	523.886	-1.33198e-015	1.66668e-015
352.589	0.0013421	526.242	-1.69803e-015	1.66299e-015
353.335	0.000322618	529.341	-2.16332e-015	1.65916e-015
354.081	-0.000900286	533.08	-2.7539e-015	1.65506e-015
354.827	-0.00245468	537.864	-3.50527e-015	1.65052e-015
355.572	-0.00426846	543.493	-4.45934e-015	1.64536e-015
356.317	-0.00651985	550.552	-5.672e-015	1.63931e-015
357.061	-0.00898607	558.374	-7.21147e-015	1.63204e-015
357.805	-0.0123292	569.131	-9.16885e-015	1.62315e-015
358.549	-0.0147081	576.893	-1.16427e-014	1.6121e-015
359.292	-0.0208872	597.485	-1.4828e-014	1.59823e-015