0	-48656
0.1	-45013
0.2	-41684
0.3	-40070
0.4	-38980
0.5	-39263
0.6	-40027
0.7	-41999
0.8	-42081
0.9	-40968
1	-40458
1.1	-40044
1.2	-40400
1.3	-39624
1.4	-39521
1.5	-39233
1.6	-39628
1.7	-39639
1.8	-38935
1.9	-38745
2	-38393
2.1	-38101
2.2	-37853
2.3	-37902
2.4	-38354
2.5	-37776
2.6	-37182
2.7	-37353
2.8	-36691
2.9	-36011
3	-35451
3.1	-35795
3.2	-35987
3.3	-35758
3.4	-35042
3.5	-34600
3.6	-33653
3.7	-33428
3.8	-33713
3.9	-34159
4	-34347
4.1	-34217
4.2	-33991
4.3	-33537
4.4	-32238
4.5	-31513
4.6	-30840
4.7	-30450
4.8	-29980
4.9	-29854
5	-29470
5.1	-28966
5.2	-28582
5.3	-28713
5.4	-28025
5.5	-27221
5.6	-26992
5.7	-26509
5.8	-26411
5.9	-26091
6	-26659
6.1	-26430
6.2	-26423
6.3	-25506
6.4	-25540
6.5	-24811
6.6	-24644
6.7	-24698
6.8	-24333
6.9	-24031
7	-23531
7.1	-23225
7.2	-23180
7.3	-23293
7.4	-22676
7.5	-22157
7.6	-21724
7.7	-21344
7.8	-21308
7.9	-21377
8	-20776
8.1	-20420
8.2	-19769
8.3	-20007
8.4	-19773
8.5	-20350
8.6	-19250
8.7	-18817
8.8	-18330
8.9	-19038
9	-19155
9.1	-19610
9.2	-19548
9.3	-19233
9.4	-17496
9.5	-16784
9.6	-16289
9.7	-16244
9.8	-15742
9.9	-15920
10	-15832
10.1	-16019
10.2	-14711
10.3	-14531
10.4	-14057
10.5	-13811
10.6	-13341
10.7	-12904
10.8	-12602
10.9	-11791
11	-11660
11.1	-10957
11.2	-10985
11.3	-10633
11.4	-10736
11.5	-9731
11.6	-9424
11.7	-9032
11.8	-9113
11.9	-8772
12	-8279
12.1	-7739
12.2	-7501
12.3	-6950
12.4	-7195
12.5	-7222
12.6	-7195
12.7	-6120
12.8	-5715
12.9	-4697
13	-4467
13.1	-3957
13.2	-3567
13.3	-3196
13.4	-3355
13.5	-2958
13.6	-2611
13.7	-2452
13.8	-2002
13.9	-1695
14	-1440
14.1	-1470
14.2	-1134
14.3	-718
14.4	-448
14.5	-583
14.6	-240
14.7	92
14.8	741
14.9	373
15	141
15.1	969
15.2	1730
15.3	2101
15.4	2551
15.5	2371
15.6	1920
15.7	1955
15.8	1957
15.9	3119
16	3573
16.1	3533
16.2	3115
16.3	3537
16.4	3880
16.5	5151
16.6	5638
16.7	6084
16.8	6080
16.9	6725
17	7743
17.1	8014
17.2	8095
17.3	8202
17.4	8706
17.5	8942
17.6	9499
17.7	9152
17.8	9990
17.9	9727
18	9838
18.1	10365
18.2	10554
18.3	10704
18.4	11060
18.5	11907
18.6	12419
18.7	12627
18.8	13232
18.9	13020
19	13817
19.1	14953
19.2	15824
19.3	16233
19.4	16341
19.5	15800
19.6	16225
19.7	16360
19.8	16716
19.9	16909
20	17089
20.1	18152
20.2	18819
20.3	19316
20.4	19496
20.5	19794
20.6	19207
20.7	18999
20.8	19631
20.9	20433
21	20806
21.1	21087
21.2	21430
21.3	21402
21.4	21825
21.5	22344
21.6	22438
21.7	22588
21.8	22755
21.9	23321
22	23521
22.1	23632
22.2	23769
22.3	23917
22.4	24395
22.5	24751
22.6	25058
22.7	25733
22.8	26023
22.9	25540
23	25937
23.1	26792
23.2	27161
23.3	27013
23.4	26977
23.5	27757
23.6	27888
23.7	27778
23.8	28415
23.9	29189
24	29348
24.1	30072
24.2	30390
24.3	30956
24.4	31406
24.5	31434
24.6	31502
24.7	32330
24.8	32083
24.9	32722
25	34047
25.1	35012
25.2	35376
25.3	35617
25.4	36075
25.5	36382
25.6	36369
25.7	36427
25.8	37212
25.9	37473
26	37319
26.1	37212
26.2	38140
26.3	38451
26.4	38901
26.5	39171
26.6	39664
26.7	40185
26.8	41002
26.9	41289
27	41669
27.1	42008
27.2	42364
27.3	42539
27.4	42835
27.5	42674
27.6	43435
27.7	43999
27.8	44164
27.9	43764
28	43723
28.1	43976
28.2	43453
28.3	43832
28.4	44904
28.5	44540
28.6	43976
28.7	43463
28.8	43710
28.9	44004
29	45125
29.1	46081
29.2	46347
29.3	45897
29.4	45742
29.5	46776
29.6	47194
29.7	47730
29.8	47136
29.9	47906
30	48442
30.1	49546
30.2	49177
30.3	49164
30.4	48939
30.5	49664
30.6	50538
30.7	51574
30.8	51385
30.9	51205
31	51625
31.1	52247
31.2	53214
31.3	54219
31.4	54755
31.5	54174
31.6	53872
31.7	54228
31.8	55167
31.9	55188
32	55634
32.1	55266
32.2	55401
32.3	55208
32.4	56333
32.5	57375
32.6	58713
32.7	58910
32.8	58867
32.9	59114
33	59397
33.1	59438
33.2	60358
33.3	61151
33.4	61372
33.5	61747
33.6	62210
33.7	62283
33.8	61412
33.9	61620
34	62761
34.1	62667
34.2	62913
34.3	63333
34.4	63756
34.5	64077
34.6	65497
34.7	65445
34.8	65522
34.9	65906
35	65816
35.1	64920
35.2	64798
35.3	65861
35.4	66240
35.5	65780
35.6	65276
35.7	65758
35.8	66888
35.9	67420
36	67872
36.1	67353
36.2	68065
36.3	68862
36.4	69954
36.5	70134
36.6	69947
36.7	69156
36.8	69190
36.9	69868
37	69371
37.1	69190
37.2	69501
37.3	70535
37.4	71354
37.5	72261
37.6	73058
37.7	73197
37.8	73577
37.9	73843
38	73864
38.1	74059
38.2	74351
38.3	75009
38.4	75496
38.5	75740
38.6	76248
38.7	75704
38.8	75217
38.9	75884
39	76128
39.1	76186
39.2	76452
39.3	76649
39.4	77348
39.5	77993
39.6	77762
39.7	78791
39.8	79132
39.9	79486
40	79483
40.1	80157
40.2	80498
40.3	80455
40.4	80277
40.5	80633
40.6	81224
40.7	81940
40.8	82354
40.9	82140
41	82311
41.1	82815
41.2	83716
41.3	83771
41.4	83735
41.5	84041
41.6	84288
41.7	84267
41.8	84672
41.9	85131
42	85924
42.1	86426
42.2	86033
42.3	85266
42.4	84815
42.5	84871
42.6	85122
42.7	85163
42.8	85317
42.9	86303
43	87118
43.1	87547
43.2	87894
43.3	87967
43.4	88801
43.5	88958
43.6	89215
43.7	89015
43.8	88696
43.9	88629
44	89661
44.1	90053
44.2	89944
44.3	90332
44.4	90733
44.5	91775
44.6	91550
44.7	91886
44.8	91770
44.9	91905
45	92600
45.1	93104
45.2	93569
45.3	93181
45.4	93848
45.5	94407
45.6	94667
45.7	94551
45.8	95018
45.9	95108
46	95246
46.1	95647
46.2	95709
46.3	95880
46.4	96755
46.5	97006
46.6	97407
46.7	97881
46.8	97859
46.9	98318
47	98097
47.1	97881
47.2	98101
47.3	98674
47.4	98702
47.5	99135
47.6	99439
47.7	100383
47.8	100490
47.9	100404
48	99467
48.1	98783
48.2	99446
48.3	99088
48.4	99516
48.5	99467
48.6	100355
48.7	100500
48.8	100910
48.9	101086
49	101512
49.1	100828
49.2	100198
49.3	99720
49.4	99422
49.5	99328
49.6	100198
49.7	100698
49.8	101163
49.9	102366
50	102775
50.1	103380
50.2	104031
50.3	104357
50.4	104308
50.5	104280
50.6	104610
50.7	105097
50.8	105498
50.9	105768
51	105997
51.1	105965
51.2	105483
51.3	105597
51.4	105800
51.5	107097
51.6	107187
51.7	107044
51.8	106521
51.9	106939
52	106546
52.1	107653
52.2	108589
52.3	109170
52.4	108336
52.5	108300
52.6	108521
52.7	109108
52.8	109612
52.9	109904
53	109771
53.1	109769
53.2	110423
53.3	110761
53.4	111338
53.5	111469
53.6	111224
53.7	111711
53.8	111910
53.9	112118
54	111951
54.1	111265
54.2	111563
54.3	112303
54.4	112504
54.5	112635
54.6	112888
54.7	113145
54.8	113971
54.9	114020
55	113947
55.1	114290
55.2	114091
55.3	113596
55.4	113673
55.5	113538
55.6	113713
55.7	114097
55.8	114822
55.9	115611
56	115727
56.1	115512
56.2	115272
56.3	114740
56.4	114204
56.5	114713
56.6	115246
56.7	116052
56.8	116070
56.9	115493
57	115399
57.1	115857
57.2	115718
57.3	115146
57.4	115124
57.5	115714
57.6	116074
57.7	116741
57.8	117373
57.9	118085
58	117913
58.1	117455
58.2	117052
58.3	117011
58.4	116814
58.5	117810
58.6	118424
58.7	118265
58.8	118327
58.9	118552
59	119189
59.1	119219
59.2	119157
59.3	119283
59.4	119386
59.5	118908
59.6	119406
59.7	120445
59.8	120784
59.9	120360
60	119852
60.1	119869
60.2	120064
60.3	119693
60.4	120806
60.5	121116
60.6	121271
60.7	121108
60.8	121766
60.9	121753
61	121640
61.1	121586
61.2	122045
61.3	121757
61.4	121640
61.5	121348
61.6	121730
61.7	122051
61.8	122744
61.9	123119
62	123196
62.1	123145
62.2	123593
62.3	123597
62.4	124101
62.5	124236
62.6	123687
62.7	123385
62.8	123226
62.9	123029
63	122975
63.1	123020
63.2	122739
63.3	122669
63.4	122793
63.5	123848
63.6	124244
63.7	124300
63.8	124334
63.9	124345
64	123970
64.1	123524
64.2	124562
64.3	125687
64.4	126345
64.5	126296
64.6	126832
64.7	126813
64.8	127107
64.9	126423
65	126300
65.1	126067
65.2	126015
65.3	125494
65.4	125966
65.5	125809
65.6	126571
65.7	127025
65.8	126886
65.9	127396
66	127743
66.1	126858
66.2	125936
66.3	125057
66.4	125634
66.5	125876
66.6	125745
66.7	126710
66.8	126755
66.9	126738
67	126395
67.1	126423
67.2	126403
67.3	126869
67.4	126845
67.5	127643
67.6	127598
67.7	127698
67.8	127102
67.9	127598
68	127593
68.1	127432
68.2	126571
68.3	126684
68.4	126869
68.5	127392
68.6	128084
68.7	128301
68.8	128333
68.9	128026
69	127426
69.1	127201
69.2	127647
69.3	127319
69.4	127958
69.5	127827
69.6	127741
69.7	127340
69.8	128432
69.9	128316
70	128406
70.1	128288
70.2	128620
70.3	128239
70.4	128464
70.5	128226
70.6	128350
70.7	128121
70.8	128112
70.9	127968
71	128093
71.1	127381
71.2	126922
71.3	127004
71.4	127535
71.5	128329
71.6	128256
71.7	128080
71.8	127188
71.9	127282
72	127430
72.1	128138
72.2	128157
72.3	128492
72.4	129233
72.5	129036
72.6	128639
72.7	128721
72.8	128766
72.9	128747
73	129013
73.1	128987
73.2	129388
73.3	129531
73.4	129328
73.5	129572
73.6	130117
73.7	129711
73.8	129023
73.9	128901
74	129388
74.1	128901
74.2	129285
74.3	129242
74.4	129594
74.5	129495
74.6	129956
74.7	129418
74.8	130288
74.9	129549
75	129373
75.1	128702
75.2	128378
75.3	128288
75.4	129021
75.5	128882
75.6	128931
75.7	128639
75.8	129180
75.9	128873
76	128950
76.1	128995
76.2	129180
76.3	128644
76.4	128983
76.5	128802
76.6	129298
76.7	129315
76.8	129356
76.9	128910
77	128792
77.1	128324
77.2	127917
77.3	127216
77.4	127387
77.5	128129
77.6	127810
77.7	127851
77.8	127589
77.9	127291
78	127593
78.1	127720
78.2	128419
78.3	128877
78.4	128554
78.5	128309
78.6	128284
78.7	127563
78.8	127782
78.9	127900
79	128301
79.1	127737
79.2	127760
79.3	128067
79.4	127707
79.5	127400
79.6	127012
79.7	127838
79.8	128243
79.9	128378
80	128076
80.1	128035
80.2	127377
80.3	127355
80.4	127171
80.5	127409
80.6	127156
80.7	126706
80.8	126481
80.9	127074
81	127167
81.1	127044
81.2	127130
81.3	127184
81.4	126984
81.5	127025
81.6	126972
81.7	126616
81.8	126616
81.9	126228
82	126566
82.1	126680
82.2	126841
82.3	126710
82.4	126579
82.5	126588
82.6	126543
82.7	126899
82.8	126864
82.9	125957
83	125674
83.1	125872
83.2	126264
83.3	126150
83.4	126444
83.5	126026
83.6	126017
83.7	125299
83.8	124755
83.9	124444
84	125359
84.1	125499
84.2	125516
84.3	125679
84.4	125524
84.5	124705
84.6	123335
84.7	122613
84.8	122930
84.9	123280
85	123500
85.1	123061
85.2	123376
85.3	123773
85.4	123659
85.5	123642
85.6	122975
85.7	122090
85.8	122619
85.9	123065
86	122943
86.1	123016
86.2	122497
86.3	122321
86.4	123127
86.5	123275
86.6	122956
86.7	122559
86.8	121880
86.9	121063
87	121149
87.1	121685
87.2	121515
87.3	121762
87.4	121700
87.5	120923
87.6	120270
87.7	120478
87.8	121344
87.9	121217
88	121067
88.1	120748
88.2	120986
88.3	120585
88.4	120199
88.5	120229
88.6	120175
88.7	120252
88.8	120027
88.9	119791
89	119761
89.1	120199
89.2	120495
89.3	119725
89.4	119288
89.5	119749
89.6	119847
89.7	119095
89.8	118870
89.9	118098
90	118207
90.1	118201
90.2	118098
90.3	117864
90.4	117455
90.5	117264
90.6	117332
90.7	117407
90.8	116966
90.9	116826
91	116052
91.1	115849
91.2	116119
91.3	116923
91.4	116651
91.5	116123
91.6	115922
91.7	115836
91.8	115476
91.9	116025
92	115845
92.1	115731
92.2	115551
92.3	115113
92.4	114438
92.5	114970
92.6	115199
92.7	115251
92.8	114155
92.9	113808
93	114056
93.1	114033
93.2	114249
93.3	114483
93.4	114065
93.5	113739
93.6	113514
93.7	113304
93.8	113443
93.9	112470
94	111477
94.1	109927
94.2	110626
94.3	111374
94.4	111758
94.5	111535
94.6	112262
94.7	112425
94.8	112234
94.9	112221
95	111812
95.1	111542
95.2	110766
95.3	110950
95.4	110643
95.5	110082
95.6	110302
95.7	110532
95.8	110176
95.9	109559
96	109666
96.1	110144
96.2	109842
96.3	109571
96.4	109016
96.5	109053
96.6	108557
96.7	108418
96.8	108349
96.9	108197
97	107363
97.1	106471
97.2	106195
97.3	105425
97.4	105502
97.5	104812
97.6	104735
97.7	104690
97.8	104673
97.9	104595
98	104754
98.1	104795
98.2	104443
98.3	104439
98.4	104370
98.5	103944
98.6	103189
98.7	103601
98.8	103502
98.9	102869
99	102563
99.1	101969
99.2	101847
99.3	101823
99.4	101176
99.5	100670
99.6	100355
99.7	100473
99.8	100719
99.9	100391
100	100550
100.1	100415
100.2	100543
100.3	100558
100.4	100590
100.5	100269
100.6	100305
100.7	99973
100.8	99390
100.9	99148
101	99634
101.1	99572
101.2	99315
101.3	99021
101.4	98980
101.5	98597
101.6	97763
101.7	96826
101.8	96438
101.9	96466
102	96172
102.1	96114
102.2	96371
102.3	97272
102.4	97278
102.5	97055
102.6	96744
102.7	96511
102.8	95998
102.9	95153
103	94217
103.1	94086
103.2	94195
103.3	94731
103.4	94330
103.5	94262
103.6	94011
103.7	94056
103.8	93779
103.9	93170
104	92388
104.1	92077
104.2	92278
104.3	92156
104.4	91833
104.5	91721
104.6	91333
104.7	91230
104.8	90917
104.9	90441
105	89869
105.1	89161
105.2	89056
105.3	88850
105.4	88426
105.5	87918
105.6	87836
105.7	87412
105.8	87281
105.9	86822
106	86548
106.1	86123
106.2	86100
106.3	86185
106.4	86646
106.5	87124
106.6	86561
106.7	85808
106.8	84811
106.9	84916
107	84942
107.1	84865
107.2	85073
107.3	84342
107.4	83846
107.5	83726
107.6	83036
107.7	82238
107.8	82084
107.9	82905
108	82631
108.1	82618
108.2	82427
108.3	83355
108.4	83072
108.5	82500
108.6	81797
108.7	82170
108.8	81878
108.9	81351
109	80787
109.1	81179
109.2	81332
109.3	81351
109.4	81151
109.5	80459
109.6	80733
109.7	81089
109.8	80444
109.9	79164
110	77933
110.1	77745
110.2	77586
110.3	77123
110.4	76759
110.5	76784
110.6	76482
110.7	76514
110.8	76317
110.9	75974
111	75361
111.1	74973
111.2	75168
111.3	75136
111.4	74531
111.5	73892
111.6	73839
111.7	73733
111.8	73738
111.9	73345
112	73333
112.1	73517
112.2	73103
112.3	73135
112.4	72874
112.5	72044
112.6	71156
112.7	70936
112.8	71169
112.9	70895
113	71039
113.1	70788
113.2	70327
113.3	69186
113.4	68311
113.5	67345
113.6	67079
113.7	67473
113.8	67898
113.9	67767
114	67375
114.1	67872
114.2	67497
114.3	67248
114.4	67563
114.5	67484
114.6	67186
114.7	66830
114.8	66262
114.9	65960
115	66365
115.1	66470
115.2	66500
115.3	65979
115.4	65321
115.5	64549
115.6	64806
115.7	64459
115.8	64229
115.9	63760
116	62701
116.1	62107
116.2	62124
116.3	62111
116.4	62576
116.5	62193
116.6	62643
116.7	62877
116.8	62791
116.9	62049
117	61035
117.1	60628
117.2	61044
117.3	61089
117.4	60660
117.5	59809
117.6	59834
117.7	59483
117.8	58660
117.9	58505
118	58913
118.1	58610
118.2	58046
118.3	57540
118.4	57757
118.5	57753
118.6	57122
118.7	56095
118.8	55911
118.9	55900
119	55519
119.1	55339
119.2	54955
119.3	54449
119.4	53606
119.5	53418
119.6	53246
119.7	52682
119.8	52534
119.9	52408
120	52007
120.1	51895
120.2	51625
120.3	51188
120.4	51544
120.5	51319
120.6	51147
120.7	50605
120.8	50448
120.9	50395
121	50294
121.1	50142
121.2	49520
121.3	49226
121.4	48727
121.5	48547
121.6	48326
121.7	48461
121.8	48731
121.9	48622
122	48036
122.1	47297
122.2	47226
122.3	46761
122.4	46548
122.5	46064
122.6	46437
122.7	46446
122.8	46608
122.9	46450
123	45852
123.1	45144
123.2	45153
123.3	45091
123.4	44810
123.5	44621
123.6	43935
123.7	43770
123.8	43643
123.9	43137
124	42584
124.1	42854
124.2	42777
124.3	42164
124.4	40989
124.5	40831
124.6	40059
124.7	39519
124.8	39047
124.9	39047
125	38835
125.1	38560
125.2	38209
125.3	38316
125.4	38041
125.5	38357
125.6	38018
125.7	37184
125.8	36270
125.9	35949
126	36120
126.1	36116
126.2	35801
126.3	35319
126.4	35297
126.5	35297
126.6	35162
126.7	34489
126.8	34431
126.9	34174
127	33904
127.1	32817
127.2	31957
127.3	31361
127.4	31813
127.5	32088
127.6	32375
127.7	32354
127.8	31843
127.9	31110
128	30885
128.1	31515
128.2	31140
128.3	31056
128.4	30308
128.5	30190
128.6	29716
128.7	29283
128.8	28988
128.9	28668
129	28848
129.1	28837
129.2	29013
129.3	28501
129.4	28121
129.5	27843
129.6	27320
129.7	27311
129.8	27532
129.9	27167
130	27013
130.1	26468
130.2	26130
130.3	26089
130.4	26293
130.5	26023
130.6	25750
130.7	25189
130.8	24918
130.9	24895
131	24584
131.1	24355
131.2	24209
131.3	24204
131.4	23799
131.5	23668
131.6	23362
131.7	22854
131.8	22646
131.9	22560
132	22489
132.1	22061
132.2	21587
132.3	21068
132.4	20740
132.5	20560
132.6	20294
132.7	19443
132.8	18450
132.9	17951
133	17657
133.1	17558
133.2	17067
133.3	16647
133.4	16786
133.5	17063
133.6	16752
133.7	16454
133.8	16491
133.9	16291
134	15854
134.1	15644
134.2	15674
134.3	15648
134.4	15624
134.5	14994
134.6	15097
134.7	15121
134.8	14561
134.9	13772
135	13223
135.1	13273
135.2	13105
135.3	13024
135.4	12177
135.5	12209
135.6	11491
135.7	11240
135.8	11564
135.9	11583
136	11367
136.1	10893
136.2	10704
136.3	10443
136.4	10140
136.5	9731
136.6	9716
136.7	9604
136.8	9671
136.9	9589
137	9152
137.1	8672
137.2	8648
137.3	8513
137.4	8554
137.5	8271
137.6	8174
137.7	7647
137.8	7139
137.9	6845
138	6350
138.1	6133
138.2	5859
138.3	5584
138.4	5479
138.5	4840
138.6	4656
138.7	4686
138.8	4517
138.9	4296
139	3642
139.1	3546
139.2	3250
139.3	3025
139.4	2604
139.5	2302
139.6	1905
139.7	1622
139.8	1640
139.9	1410
140	1009
140.1	304
140.2	96
140.3	-358
140.4	-484
140.5	-546
140.6	-512
140.7	-677
140.8	-1089
140.9	-1616
141	-1777
141.1	-2133
141.2	-2051
141.3	-2233
141.4	-2309
141.5	-2173
141.6	-2038
141.7	-2107
141.8	-2499
141.9	-2754
142	-3044
142.1	-3432
142.2	-3597
142.3	-3833
142.4	-3683
142.5	-3625
142.6	-3466
142.7	-3567
142.8	-3957
142.9	-4720
143	-5207
143.1	-5126
143.2	-5368
143.3	-5158
143.4	-5297
143.5	-5368
143.6	-5906
143.7	-6851
143.8	-7415
143.9	-7317
144	-7154
144.1	-7220
144.2	-7252
144.3	-7690
144.4	-7902
144.5	-8372
144.6	-8597
144.7	-8597
144.8	-8736
144.9	-9326
145	-9632
145.1	-9615
145.2	-9763
145.3	-9825
145.4	-10037
145.5	-10290
145.6	-10822
145.7	-11092
145.8	-11161
145.9	-11394
146	-11873
146.1	-12490
146.2	-12430
146.3	-12773
146.4	-13234
146.5	-13378
146.6	-13941
146.7	-14152
146.8	-14310
146.9	-14351
147	-14621
147.1	-14769
147.2	-14928
147.3	-15202
147.4	-15479
147.5	-15554
147.6	-15959
147.7	-16518
147.8	-16366
147.9	-16491
148	-16315
148.1	-16407
148.2	-16621
148.3	-16952
148.4	-16686
148.5	-16694
148.6	-16744
148.7	-17014
148.8	-17335
148.9	-17826
149	-18041
149.1	-18789
149.2	-18714
149.3	-18714
149.4	-18845
149.5	-18559
149.6	-18870
149.7	-19496
149.8	-19254
149.9	-19025
150	-19507
150.1	-19863
150.2	-20375
150.3	-20718
150.4	-20731
150.5	-20944
150.6	-20853
150.7	-21070
150.8	-21179
150.9	-21344
151	-21295
151.1	-21422
151.2	-21700
151.3	-22517
151.4	-22554
151.5	-22738
151.6	-23261
151.7	-23418
151.8	-23720
151.9	-24702
152	-24893
152.1	-24554
152.2	-24828
152.3	-24878
152.4	-24906
152.5	-25041
152.6	-25559
152.7	-25589
152.8	-25572
152.9	-26284
153	-26198
153.1	-26267
153.2	-25879
153.3	-26333
153.4	-26664
153.5	-27187
153.6	-27605
153.7	-27605
153.8	-27356
153.9	-27502
154	-27356
154.1	-27470
154.2	-27663
154.3	-28190
154.4	-28398
154.5	-28537
154.6	-28831
154.7	-29123
154.8	-29335
154.9	-29408
155	-29706
155.1	-29466
155.2	-29772
155.3	-29515
155.4	-29701
155.5	-30291
155.6	-30887
155.7	-31644
155.8	-31350
155.9	-30917
156	-30840
156.1	-30795
156.2	-30921
156.3	-31067
156.4	-31264
156.5	-31183
156.6	-31264
156.7	-31125
156.8	-31715
156.9	-31841
157	-32008
157.1	-32053
157.2	-32566
157.3	-33224
157.4	-33505
157.5	-33044
157.6	-33370
157.7	-33284
157.8	-33027
157.9	-33271
158	-33595
158.1	-33914
158.2	-33897
158.3	-34204
158.4	-34388
158.5	-34866
158.6	-35177
158.7	-35599
158.8	-35754
158.9	-35852
159	-35925
159.1	-35743
159.2	-35816
159.3	-35966
159.4	-36208
159.5	-36322
159.6	-36538
159.7	-36903
159.8	-37214
159.9	-37177
160	-37529
160.1	-37647
160.2	-37966
160.3	-38575
160.4	-38511
160.5	-38674
160.6	-38665
160.7	-39055
160.8	-39188
160.9	-39353
161	-38961
161.1	-39317
161.2	-39178
161.3	-39386
161.4	-39124
161.5	-39233
161.6	-38835
161.7	-39156
161.8	-39435
161.9	-39364
162	-39238
162.1	-39143
162.2	-39639
162.3	-39827
162.4	-40061
162.5	-40016
162.6	-40031
162.7	-40196
162.8	-40882
162.9	-41184
163	-41292
163.1	-41581
163.2	-41652
163.3	-42126
163.4	-42323
163.5	-42374
163.6	-42359
163.7	-42306
163.8	-42374
163.9	-42546
164	-42897
164.1	-43365
164.2	-43140
164.3	-42812
164.4	-42494
164.5	-42670
164.6	-42775
164.7	-42788
164.8	-42865
164.9	-43073
165	-43348
165.1	-43558
165.2	-43663
165.3	-43725
165.4	-44149
165.5	-44428
165.6	-44437
165.7	-44718
165.8	-44767
165.9	-45086
166	-44996
166.1	-45226
166.2	-45331
166.3	-45303
166.4	-45028
166.5	-45541
166.6	-46088
166.7	-46362
166.8	-46578
166.9	-46735
167	-46958
167.1	-47007
167.2	-46285
167.3	-46210
167.4	-46443
167.5	-45916
167.6	-45957
167.7	-46158
167.8	-46958
167.9	-47217
168	-47237
168.1	-47303
168.2	-47736
168.3	-47548
168.4	-47327
168.5	-47102
168.6	-47097
168.7	-46971
168.8	-47629
168.9	-47899
169	-47584
169.1	-47127
169.2	-47114
169.3	-47267
169.4	-47773
169.5	-48015
169.6	-48517
169.7	-48885
169.8	-49003
169.9	-48980
170	-48444
170.1	-48770
170.2	-49445
170.3	-49432
170.4	-48836
170.5	-47970
170.6	-48088
170.7	-48371
170.8	-48570
170.9	-48890
171	-48954
171.1	-48812
171.2	-48341
171.3	-48227
171.4	-48317
171.5	-48639
171.6	-48804
171.7	-49436
171.8	-49670
171.9	-49782
172	-50004
172.1	-49691
172.2	-49166
172.3	-49164
172.4	-49363
172.5	-49516
172.6	-49719
172.7	-49801
172.8	-50405
172.9	-50706
173	-50414
173.1	-50536
173.2	-50598
173.3	-50185
173.4	-49475
173.5	-49674
173.6	-49904
173.7	-50819
173.8	-50986
173.9	-51237
174	-50954
174.1	-51044
174.2	-51400
174.3	-51904
174.4	-51814
174.5	-51458
174.6	-51707
174.7	-51865
174.8	-51081
174.9	-51505
175	-51670
175.1	-51625
175.2	-51514
175.3	-51089
175.4	-50896
175.5	-51310
175.6	-51784
175.7	-51544
175.8	-51383
175.9	-50847
176	-50729
176.1	-50423
176.2	-50182
176.3	-50161
176.4	-50423
176.5	-50868
176.6	-51870
176.7	-51968
176.8	-52013
176.9	-51702
177	-51550
177.1	-51576
177.2	-51694
177.3	-51355
177.4	-50877
177.5	-50967
177.6	-51329
177.7	-51675
177.8	-51166
177.9	-51031
178	-51604
178.1	-51666
178.2	-51715
178.3	-51846
178.4	-51805
178.5	-51694
178.6	-51670
178.7	-51977
178.8	-51338
178.9	-50999
179	-51064
179.1	-51694
179.2	-52127
179.3	-52521
179.4	-52699
179.5	-52918
179.6	-52839
179.7	-52905
179.8	-52839
179.9	-52856
180	-52684
180.1	-52925
180.2	-53139
180.3	-53497
180.4	-53568
180.5	-53673
180.6	-53563
180.7	-53600
180.8	-53190
180.9	-52644
181	-52361
181.1	-52213
181.2	-52221
181.3	-51996
181.4	-51638
181.5	-52157
181.6	-52341
181.7	-51702
181.8	-51859
181.9	-51409
182	-51004
182.1	-51319
182.2	-51653
182.3	-51964
182.4	-52226
182.5	-52234
182.6	-52217
182.7	-51928
182.8	-51904
182.9	-51910
183	-51645
183.1	-51379
183.2	-51765
183.3	-52013
183.4	-51724
183.5	-51162
183.6	-50918
183.7	-50729
183.8	-50581
183.9	-50468
184	-50697
184.1	-50485
184.2	-50688
184.3	-50598
184.4	-51166
184.5	-51248
184.6	-51139
184.7	-50847
184.8	-50751
184.9	-50320
185	-50182
185.1	-50386
185.2	-50270
185.3	-50697
185.4	-50982
185.5	-51027
185.6	-50886
185.7	-50386
185.8	-50729
185.9	-51282
186	-51392
186.1	-50950
186.2	-50549
186.3	-50684
186.4	-50667
186.5	-50931
186.6	-50905
186.7	-50080
186.8	-49919
186.9	-50553
187	-51432
187.1	-51383
187.2	-50778
187.3	-50635
187.4	-50639
187.5	-51021
187.6	-50847
187.7	-50971
187.8	-51278
187.9	-51233
188	-50341
188.1	-49957
188.2	-49571
188.3	-49751
188.4	-49719
188.5	-49634
188.6	-49621
188.7	-49269
188.8	-49340
188.9	-49074
189	-48669
189.1	-48412
189.2	-48677
189.3	-49170
189.4	-49078
189.5	-48628
189.6	-48718
189.7	-48512
189.8	-47966
189.9	-48268
190	-48354
190.1	-47895
190.2	-47723
190.3	-47786
190.4	-48038
190.5	-47931
190.6	-48038
190.7	-48309
190.8	-48812
190.9	-48111
191	-47695
191.1	-47192
191.2	-47192
191.3	-47061
191.4	-47097
191.5	-47138
191.6	-47138
191.7	-47001
191.8	-47250
191.9	-47029
192	-46694
192.1	-46334
192.2	-46615
192.3	-46027
192.4	-46034
192.5	-46690
192.6	-47048
192.7	-46501
192.8	-45817
192.9	-45880
193	-46506
193.1	-47335
193.2	-46962
193.3	-46203
193.4	-46088
193.5	-46079
193.6	-46244
193.7	-46092
193.8	-45421
193.9	-45279
194	-45753
194.1	-46452
194.2	-46308
194.3	-45712
194.4	-45547
194.5	-44930
194.6	-44353
194.7	-44497
194.8	-44898
194.9	-44608
195	-44456
195.1	-44171
195.2	-43654
195.3	-43753
195.4	-43442
195.5	-43757
195.6	-43577
195.7	-42964
195.8	-42882
195.9	-43017
196	-43238
196.1	-43586
196.2	-43026
196.3	-42689
196.4	-42374
196.5	-41922
196.6	-41896
196.7	-42134
196.8	-42228
196.9	-42621
197	-41963
197.1	-41390
197.2	-40882
197.3	-40522
197.4	-40809
197.5	-41521
197.6	-41881
197.7	-41774
197.8	-41500
197.9	-41287
198	-41062
198.1	-40575
198.2	-40513
198.3	-40342
198.4	-40408
198.5	-40886
198.6	-40846
198.7	-40878
198.8	-40359
198.9	-40252
199	-40237
199.1	-40048
199.2	-39868
199.3	-40368
199.4	-40413
199.5	-40387
199.6	-40383
199.7	-39782
199.8	-39570
199.9	-39362
200	-39566
200.1	-39480
200.2	-38957
200.3	-37917
200.4	-37598
200.5	-38119
200.6	-38524
200.7	-38629
200.8	-38637
200.9	-38290
201	-37705
201.1	-37733
201.2	-37803
201.3	-37962
201.4	-37902
201.5	-38151
201.6	-38792
201.7	-38809
201.8	-37795
201.9	-36768
202	-36446
202.1	-36090
202.2	-36060
202.3	-35803
202.4	-35469
202.5	-34757
202.6	-34729
202.7	-34761
202.8	-34418
202.9	-33689
203	-33751
203.1	-34324
203.2	-34500
203.3	-34103
203.4	-34163
203.5	-33991
203.6	-33803
203.7	-33771
203.8	-32973
203.9	-32450
204	-32257
204.1	-32431
204.2	-32757
204.3	-33022
204.4	-32950
204.5	-33138
204.6	-32667
204.7	-32171
204.8	-31502
204.9	-31858
205	-32041
205.1	-32000
205.2	-31980
205.3	-31595
205.4	-31477
205.5	-31350
205.6	-31382
205.7	-31196
205.8	-31007
205.9	-30786
206	-30422
206.1	-30156
206.2	-29731
206.3	-29440
206.4	-28983
206.5	-28812
206.6	-29457
206.7	-29800
206.8	-30205
206.9	-30250
207	-30070
207.1	-29939
207.2	-30160
207.3	-30381
207.4	-30042
207.5	-29386
207.6	-28983
207.7	-28696
207.8	-28512
207.9	-28377
208	-27890
208.1	-27890
208.2	-27433
208.3	-27457
208.4	-27307
208.5	-27302
208.6	-26758
208.7	-26460
208.8	-26329
208.9	-26340
209	-26128
209.1	-25634
209.2	-25364
209.3	-25109
209.4	-25158
209.5	-25234
209.6	-24951
209.7	-24807
209.8	-24500
209.9	-24252
210	-24117
210.1	-24177
210.2	-23653
210.3	-23433
210.4	-22845
210.5	-22489
210.6	-22178
210.7	-22080
210.8	-21908
210.9	-21750
211	-21450
211.1	-21173
211.2	-20727
211.3	-20727
211.4	-20776
211.5	-20354
211.6	-20371
211.7	-19809
211.8	-19966
211.9	-19447
212	-19344
212.1	-19177
212.2	-18482
212.3	-17880
212.4	-18069
212.5	-18574
212.6	-18133
212.7	-17505
212.8	-16784
212.9	-17018
213	-17352
213.1	-17766
213.2	-17614
213.3	-17713
213.4	-17863
213.5	-17717
213.6	-17687
213.7	-17325
213.8	-16716
213.9	-16604
214	-16752
214.1	-16276
214.2	-15487
214.3	-14996
214.4	-14392
214.5	-14638
214.6	-14544
214.7	-14413
214.8	-14147
214.9	-14167
215	-14040
215.1	-13963
215.2	-13986
215.3	-13905
215.4	-14066
215.5	-13926
215.6	-13761
215.7	-13228
215.8	-12814
215.9	-12192
216	-11566
216.1	-11403
216.2	-11157
216.3	-10813
216.4	-9947
216.5	-9465
216.6	-9362
216.7	-9799
216.8	-9248
216.9	-8312
217	-7703
217.1	-7902
217.2	-7690
217.3	-8217
217.4	-7180
217.5	-6270
217.6	-5812
217.7	-5902
217.8	-6513
217.9	-7402
218	-7437
218.1	-7555
218.2	-6875
218.3	-6532
218.4	-5842
218.5	-5518
218.6	-5906
218.7	-6090
218.8	-5432
218.9	-4598
219	-4611
219.1	-4995
219.2	-5008
219.3	-4928
219.4	-4603
219.5	-4017
219.6	-3739
219.7	-3829
219.8	-3661
219.9	-3102
220	-3297
220.1	-3295
220.2	-3269
220.3	-2774
220.4	-2191
220.5	-1957
220.6	-2103
220.7	-1805
220.8	-1573
220.9	-1367
221	-1404
221.1	-1093
221.2	-493
221.3	259
221.4	-27
221.5	-602
221.6	-651
221.7	-741
221.8	-214
221.9	516
222	1001
222.1	1468
222.2	2568
222.3	2534
222.4	2396
222.5	2433
222.6	3393
222.7	4064
222.8	4384
222.9	4362
223	5098
223.1	5664
223.2	6120
223.3	6232
223.4	5994
223.5	5241
223.6	5454
223.7	5842
223.8	6588
223.9	7175
224	7520
224.1	7261
224.2	7478
224.3	7544
224.4	7679
224.5	7778
224.6	8005
224.7	8734
224.8	9585
224.9	9862
225	10031
225.1	10582
225.2	11122
225.3	11523
225.4	11577
225.5	12055
225.6	12243
225.7	12640
225.8	12732
225.9	12104
226	11407
226.1	11654
226.2	12132
226.3	12349
226.4	12591
226.5	12930
226.6	13092
226.7	13605
226.8	13358
226.9	13367
227	13871
227.1	14345
227.2	14462
227.3	14765
227.4	15421
227.5	16115
227.6	15742
227.7	15260
227.8	15264
227.9	15907
228	16107
228.1	16581
228.2	16778
228.3	17142
228.4	17370
228.5	17584
228.6	18540
228.7	18825
228.8	18474
228.9	18499
229	18695
229.1	18830
229.2	19681
229.3	20004
229.4	19812
229.5	20230
229.6	21158
229.7	21709
229.8	21827
229.9	22178
230	22331
230.1	23047
230.2	23353
230.3	23634
230.4	23746
230.5	24249
230.6	24192
230.7	24556
230.8	24436
230.9	24215
231	24421
231.1	25504
231.2	26368
231.3	26829
231.4	27037
231.5	26576
231.6	26130
231.7	26445
231.8	26779
231.9	27045
232	27270
232.1	27382
232.2	27581
232.3	27654
232.4	27720
232.5	28175
232.6	28576
232.7	28792
232.8	29275
232.9	29762
233	29286
233.1	28973
233.2	29556
233.3	30443
233.4	31061
233.5	31453
233.6	31515
233.7	31376
233.8	31592
233.9	32512
234	33057
234.1	33445
234.2	33434
234.3	33516
234.4	34148
234.5	33859
234.6	33876
234.7	33923
234.8	34030
234.9	34247
235	35634
235.1	35981
235.2	35887
235.3	35147
235.4	35040
235.5	35368
235.6	36120
235.7	36528
235.8	37149
235.9	37297
236	37162
236.1	37829
236.2	38586
236.3	38929
236.4	39122
236.5	38910
236.6	39126
236.7	39649
236.8	39862
236.9	40880
237	41534
237.1	41849
237.2	41277
237.3	41285
237.4	41420
237.5	41665
237.6	41958
237.7	42218
237.8	42790
237.9	43281
238	44336
238.1	44246
238.2	43594
238.3	43579
238.4	44077
238.5	44503
238.6	44662
238.7	44838
238.8	45243
238.9	45496
239	45661
239.1	45644
239.2	45753
239.3	46347
239.4	46977
239.5	46973
239.6	47370
239.7	47680
239.8	47955
239.9	48045
240	48510
240.1	48527
240.2	48547
240.3	48532
240.4	48695
240.5	48658
240.6	48257
240.7	48785
240.8	49241
240.9	49857
241	50056
241.1	50122
241.2	50560
241.3	51368
241.4	51795
241.5	51488
241.6	52305
241.7	52783
241.8	52742
241.9	52845
242	53720
242.1	54648
242.2	54824
242.3	54490
242.4	54378
242.5	54342
242.6	54288
242.7	54938
242.8	55433
242.9	55544
243	55679
243.1	55995
243.2	56438
243.3	56668
243.4	57118
243.5	57813
243.6	58029
243.7	58501
243.8	58484
243.9	58934
244	58812
244.1	58913
244.2	59101
244.3	59654
244.4	59483
244.5	59440
244.6	59294
244.7	59686
244.8	59871
244.9	60317
245	60889
245.1	61052
245.2	60893
245.3	61020
245.4	61824
245.5	62508
245.6	62971
245.7	63333
245.8	63636
245.9	63968
246	64148
246.1	64041
246.2	64373
246.3	64564
246.4	65063
246.5	65031
246.6	65501
246.7	66095
246.8	66200
246.9	66438
247	66794
247.1	66785
247.2	66686
247.3	66586
247.4	66942
247.5	67510
247.6	67578
247.7	68074
247.8	68217
247.9	68352
248	68800
248.1	69341
248.2	69767
248.3	69714
248.4	69656
248.5	69624
248.6	70115
248.7	70359
248.8	70522
248.9	70923
249	71238
249.1	71178
249.2	71720
249.3	72220
249.4	72293
249.5	72571
249.6	72490
249.7	73135
249.8	73120
249.9	73500
250	73991
250.1	74617
250.2	74902
250.3	74748
250.4	75058
250.5	75479
250.6	76010
250.7	76040
250.8	76636
250.9	77074
251	76988
251.1	77367
251.2	77713
251.3	77880
251.4	78109
251.5	77978
251.6	78191
251.7	78313
251.8	79183
251.9	79363
252	79556
252.1	79764
252.2	80378
252.3	80562
252.4	80639
252.5	81012
252.6	81098
252.7	81467
252.8	81720
252.9	82005
253	82283
253.1	82856
253.2	83085
253.3	83175
253.4	83501
253.5	83947
253.6	84275
253.7	84573
253.8	84419
253.9	84361
254	84217
254.1	84595
254.2	85041
254.3	85469
254.4	85577
254.5	85624
254.6	85604
254.7	85637
254.8	85870
254.9	86059
255	86100
255.1	86320
255.2	86651
255.3	86732
255.4	86839
255.5	87191
255.6	87407
255.7	87543
255.8	87890
255.9	88295
256	88569
256.1	88642
256.2	89022
256.3	89165
256.4	89461
256.5	89729
256.6	90102
256.7	90499
256.8	90520
256.9	90737
257	90868
257.1	90688
257.2	90707
257.3	90969
257.4	91419
257.5	91625
257.6	91706
257.7	91955
257.8	92328
257.9	92401
258	92469
258.1	93072
258.2	93338
258.3	93567
258.4	93721
258.5	94274
258.6	94888
258.7	95308
258.8	95434
258.9	95664
259	95827
259.1	96133
259.2	96101
259.3	95840
259.4	95794
259.5	96515
259.6	96972
259.7	97186
259.8	97169
259.9	97124
260	97152
260.1	97141
260.2	97340
260.3	97643
260.4	97904
260.5	98020
260.6	98065
260.7	98204
260.8	98787
260.9	99373
261	100093
261.1	99615
261.2	99737
261.3	100153
261.4	100183
261.5	100333
261.6	101201
261.7	100996
261.8	100766
261.9	100764
262	101107
262.1	100861
262.2	101122
262.3	101450
262.4	101609
262.5	101360
262.6	101364
262.7	101557
262.8	101928
262.9	101815
263	102040
263.1	102406
263.2	103339
263.3	104001
263.4	103839
263.5	104059
263.6	104514
263.7	104808
263.8	105138
263.9	105506
264	105024
264.1	104615
264.2	105101
264.3	105695
264.4	106060
264.5	106120
264.6	106105
264.7	106321
264.8	106638
264.9	107400
265	107470
265.1	107695
265.2	107620
265.3	107612
265.4	107858
265.5	107899
265.6	107556
265.7	108139
265.8	109102
265.9	109694
266	109944
266.1	109513
266.2	109151
266.3	109003
266.4	109310
266.5	109910
266.6	110609
266.7	111338
266.8	111216
266.9	111535
267	112024
267.1	111947
267.2	112204
267.3	112479
267.4	112601
267.5	112774
267.6	112950
267.7	112785
267.8	112438
267.9	112050
268	112307
268.1	112464
268.2	112554
268.3	112952
268.4	112560
268.5	113113
268.6	113881
268.7	113844
268.8	112997
268.9	112839
269	112847
269.1	112822
269.2	112916
269.3	113195
269.4	113362
269.5	113758
269.6	114192
269.7	114327
269.8	114222
269.9	113930
270	114222
270.1	114871
270.2	115480
270.3	115276
270.4	115489
270.5	115853
270.6	116119
270.7	116286
270.8	116526
270.9	116359
271	116106
271.1	116228
271.2	117026
271.3	117075
271.4	116814
271.5	117092
271.6	117169
271.7	117538
271.8	117755
271.9	117778
272	117733
272.1	117759
272.2	118008
272.3	118449
272.4	118612
272.5	118662
272.6	118662
272.7	119153
272.8	119283
272.9	119521
273	119684
273.1	119798
273.2	119770
273.3	119828
273.4	119963
273.5	119969
273.6	120072
273.7	119839
273.8	119873
273.9	119933
274	120199
274.1	120109
274.2	120081
274.3	120220
274.4	120240
274.5	120473
274.6	120608
274.7	120915
274.8	120793
274.9	120600
275	120064
275.1	120167
275.2	120334
275.3	120555
275.4	120518
275.5	120943
275.6	121451
275.7	121402
275.8	121650
275.9	121897
276	122154
276.1	122248
276.2	122227
276.3	122276
276.4	122285
276.5	122302
276.6	122131
276.7	122375
276.8	122572
276.9	123245
277	123790
277.1	123618
277.2	123020
277.3	122772
277.4	122752
277.5	122619
277.6	122583
277.7	122583
277.8	122975
277.9	123327
278	123331
278.1	123475
278.2	124109
278.3	124607
278.4	124898
278.5	125115
278.6	125323
278.7	125291
278.8	125619
278.9	125503
279	125709
279.1	125891
279.2	126251
279.3	126157
279.4	126734
279.5	126976
279.6	126260
279.7	125867
279.8	125863
279.9	126288
280	126828
280.1	127152
280.2	127287
280.3	126764
280.4	126588
280.5	127164
280.6	127098
280.7	126764
280.8	126652
280.9	126759
281	126779
281.1	126813
281.2	126950
281.3	126877
281.4	126980
281.5	127098
281.6	127094
281.7	127115
281.8	127291
281.9	127454
282	127467
282.1	127385
282.2	127126
282.3	126725
282.4	126594
282.5	126598
282.6	126738
282.7	126832
282.8	127089
282.9	127250
283	127364
283.1	127310
283.2	127242
283.3	127233
283.4	127522
283.5	128054
283.6	127617
283.7	127531
283.8	127535
283.9	127568
284	127347
284.1	127377
284.2	127477
284.3	127737
284.4	127908
284.5	128239
284.6	128447
284.7	128395
284.8	128215
284.9	128050
285	128080
285.1	127829
285.2	127760
285.3	127765
285.4	128121
285.5	128288
285.6	128138
285.7	128013
285.8	128215
285.9	128927
286	128712
286.1	128672
286.2	128702
286.3	128910
286.4	128946
286.5	129126
286.6	129266
286.7	129551
286.8	129328
286.9	129330
287	129266
287.1	129085
287.2	128892
287.3	128910
287.4	129098
287.5	129283
287.6	128824
287.7	128792
287.8	128792
287.9	128562
288	128481
288.1	128787
288.2	128712
288.3	128734
288.4	128444
288.5	128436
288.6	128459
288.7	128676
288.8	128783
288.9	128783
289	129064
289.1	129360
289.2	129143
289.3	128149
289.4	127589
289.5	127606
289.6	127621
289.7	127368
289.8	127475
289.9	127372
290	127593
290.1	127784
290.2	127801
290.3	127765
290.4	127683
290.5	127617
290.6	127561
290.7	127606
290.8	127540
290.9	127728
291	127765
291.1	127670
291.2	127580
291.3	127728
291.4	127711
291.5	127413
291.6	127351
291.7	127572
291.8	127658
291.9	127666
292	127703
292.1	127851
292.2	127553
292.3	127261
292.4	127368
292.5	127769
292.6	127883
292.7	127748
292.8	127769
292.9	127544
293	127535
293.1	127516
293.2	127696
293.3	127544
293.4	127122
293.5	126836
293.6	127079
293.7	126995
293.8	126926
293.9	127147
294	127490
294.1	127741
294.2	127863
294.3	127490
294.4	126869
294.5	126774
294.6	127229
294.7	127332
294.8	126770
294.9	126236
295	125994
295.1	126251
295.2	126322
295.3	126116
295.4	125756
295.5	125593
295.6	125887
295.7	125998
295.8	126133
295.9	126232
296	126183
296.1	125925
296.2	125291
296.3	124915
296.4	125449
296.5	125282
296.6	124804
296.7	124339
296.8	124425
296.9	124051
297	123552
297.1	123230
297.2	123115
297.3	122911
297.4	122911
297.5	122686
297.6	122645
297.7	122759
297.8	122714
297.9	123254
298	123524
298.1	123037
298.2	122321
298.3	122047
298.4	122212
298.5	122682
298.6	122587
298.7	122583
298.8	122388
298.9	122306
299	122028
299.1	121554
299.2	121348
299.3	121324
299.4	121423
299.5	121357
299.6	121316
299.7	121172
299.8	121644
299.9	121605
300	121464
300.1	121695
300.2	121344
300.3	121655
300.4	121384
300.5	121018
300.6	120776
300.7	120951
300.8	121339
300.9	121041
301	120392
301.1	119697
301.2	120085
301.3	119729
301.4	119135
301.5	118919
301.6	118801
301.7	118792
301.8	118829
301.9	118445
302	118162
302.1	117630
302.2	118072
302.3	118201
302.4	118319
302.5	118162
302.6	118196
302.7	117755
302.8	117030
302.9	116269
303	115939
303.1	115456
303.2	115583
303.3	115330
303.4	115285
303.5	115435
303.6	116074
303.7	115534
303.8	115289
303.9	115264
304	115199
304.1	114961
304.2	114678
304.3	114573
304.4	113947
304.5	113861
304.6	113849
304.7	113834
304.8	113645
304.9	113448
305	113083
305.1	113081
305.2	113257
305.3	113154
305.4	112712
305.5	112952
305.6	113072
305.7	112744
305.8	111979
305.9	111625
306	111269
306.1	111334
306.2	111297
306.3	111424
306.4	111829
306.5	111983
306.6	111964
306.7	111404
306.8	110667
306.9	110206
307	110753
307.1	110663
307.2	110896
307.3	110873
307.4	110618
307.5	110054
307.6	109509
307.7	108954
307.8	108349
307.9	108062
308	107567
308.1	107254
308.2	107110
308.3	107044
308.4	107372
308.5	107340
308.6	106945
308.7	107069
308.8	106778
308.9	106456
309	106291
309.1	105444
309.2	104910
309.3	104865
309.4	104799
309.5	104700
309.6	104587
309.7	104505
309.8	104930
309.9	104718
310	104218
310.1	104259
310.2	104019
310.3	103551
310.4	102351
310.5	101823
310.6	101609
310.7	101377
310.8	100959
310.9	100833
311	100490
311.1	99994
311.2	100022
311.3	99864
311.4	99810
311.5	99516
311.6	99304
311.7	99148
311.8	98895
311.9	98674
312	98517
312.1	98522
312.2	98290
312.3	98215
312.4	97851
312.5	97111
312.6	96616
312.7	96219
312.8	96547
312.9	97278
313	97741
313.1	96907
313.2	96219
313.3	95209
313.4	95078
313.5	95006
313.6	95254
313.7	95001
313.8	94843
313.9	94212
314	94019
314.1	93623
314.2	93618
314.3	93374
314.4	93378
314.5	92748
314.6	92338
314.7	92225
314.8	92113
314.9	91427
315	90919
315.1	90973
315.2	90923
315.3	90919
315.4	90872
315.5	90741
315.6	90647
315.7	90282
315.8	90165
315.9	89804
316	89191
316.1	88679
316.2	88304
316.3	87705
316.4	86286
316.5	86173
316.6	86263
316.7	86766
316.8	86357
316.9	85952
317	85146
317.1	84803
317.2	84447
317.3	84419
317.4	83834
317.5	83703
317.6	83806
317.7	84344
317.8	83765
317.9	83716
318	83465
318.1	83040
318.2	82346
318.3	82030
318.4	81833
318.5	81126
318.6	80823
318.7	80579
318.8	80165
318.9	79786
319	79466
319.1	79233
319.2	79033
319.3	78624
319.4	78493
319.5	78210
319.6	77938
319.7	77674
319.8	77537
319.9	77629
320	77663
320.1	77412
320.2	77674
320.3	77740
320.4	77740
320.5	77708
320.6	77447
320.7	76739
320.8	76317
320.9	76302
321	76433
321.1	76538
321.2	76010
321.3	75875
321.4	75356
321.5	74627
321.6	73721
321.7	73352
321.8	72945
321.9	72424
322	71733
322.1	71431
322.2	71274
322.3	71201
322.4	70477
322.5	69799
322.6	69336
322.7	69083
322.8	68948
322.9	68794
323	68605
323.1	68314
323.2	68262
323.3	67776
323.4	67956
323.5	67651
323.6	67210
323.7	66556
323.8	65955
323.9	65739
324	65473
324.1	64851
324.2	64941
324.3	64783
324.4	63968
324.5	63198
324.6	62750
324.7	62120
324.8	61710
324.9	61417
325	60921
325.1	60720
325.2	60250
325.3	60051
325.4	59875
325.5	59882
325.6	59764
325.7	59052
325.8	58906
325.9	58647
326	58897
326.1	58424
326.2	58357
326.3	59258
326.4	59654
326.5	59388
326.6	58186
326.7	57028
326.8	56526
326.9	56181
327	55671
327.1	55249
327.2	55058
327.3	54805
327.4	54717
327.5	54243
327.6	53692
327.7	53377
327.8	53437
327.9	53165
328	53593
328.1	53638
328.2	53021
328.3	52211
328.4	52020
328.5	51814
328.6	51647
328.7	52191
328.8	51940
328.9	51561
329	50763
329.1	49852
329.2	49295
329.3	49258
329.4	49415
329.5	49025
329.6	48362
329.7	47558
329.8	47213
329.9	46816
330	46675
330.1	46338
330.2	45783
330.3	44928
330.4	44548
330.5	44784
330.6	44597
330.7	43779
330.8	43125
330.9	42749
331	42580
331.1	42218
331.2	41075
331.3	40046
331.4	39694
331.5	39244
331.6	38839
331.7	38725
331.8	38605
331.9	38406
332	38168
332.1	37756
332.2	37280
332.3	36712
332.4	36549
332.5	36423
332.6	36217
332.7	35908
332.8	35719
332.9	35535
333	34946
333.1	34697
333.2	34611
333.3	33989
333.4	33696
333.5	33359
333.6	32984
333.7	32525
333.8	32456
333.9	32268
334	32133
334.1	32105
334.2	32461
334.3	32394
334.4	31372
334.5	30825
334.6	31050
334.7	30939
334.8	30362
334.9	29549
335	29086
335.1	28801
335.2	28666
335.3	28469
335.4	28145
335.5	27725
335.6	27360
335.7	26796
335.8	26490
335.9	26526
336	26327
336.1	25977
336.2	25390
336.3	24472
336.4	23769
336.5	23484
336.6	23066
336.7	22822
336.8	22650
336.9	22614
337	22309
337.1	21857
337.2	21713
337.3	21951
337.4	21411
337.5	20555
337.6	20678
337.7	20858
337.8	20491
337.9	19987
338	18789
338.1	17665
338.2	17129
338.3	16471
338.4	15742
338.5	15481
338.6	15269
338.7	14628
338.8	14340
338.9	14287
339	13881
339.1	13015
339.2	12857
339.3	13313
339.4	14107
339.5	13789
339.6	12998
339.7	12737
339.8	12520
339.9	11583
340	11180
340.1	11677
340.2	11609
340.3	10816
340.4	10018
340.5	9724
340.6	9594
340.7	9707
340.8	9540
340.9	9244
341	8995
341.1	8112
341.2	7432
341.3	6427
341.4	6412
341.5	6566
341.6	6288
341.7	5651
341.8	5196
341.9	5593
342	5156
342.1	4294
342.2	3370
342.3	3010
342.4	2924
342.5	2709
342.6	2182
342.7	1916
342.8	1050
342.9	1014
343	1099
343.1	1026
343.2	439
343.3	141
343.4	-673
343.5	-1592
343.6	-1404
343.7	-1322
343.8	-1449
343.9	-602
344	-330
344.1	-1029
344.2	-2088
344.3	-3260
344.4	-3074
344.5	-3535
344.6	-3719
344.7	-3661
344.8	-4292
344.9	-5409
345	-6528
345.1	-7338
345.2	-7261
345.3	-7334
345.4	-8065
345.5	-8925
345.6	-9862
345.7	-9832
345.8	-9366
345.9	-9388
346	-9431
346.1	-9853
346.2	-9894
346.3	-10565
346.4	-11034
346.5	-11489
346.6	-11332
346.7	-10768
346.8	-10606
346.9	-11060
347	-11448
347.1	-12123
347.2	-12842
347.3	-13390
347.4	-13092
347.5	-13092
347.6	-13648
347.7	-14625
347.8	-15170
347.9	-15832
348	-15807
348.1	-16428
348.2	-17344
348.3	-17245
348.4	-16049
348.5	-15824
348.6	-16195
348.7	-16190
348.8	-16360
348.9	-17144
349	-18559
349.1	-20101
349.2	-20322
349.3	-20354
349.4	-20468
349.5	-21066
349.6	-21201
349.7	-20223
349.8	-19827
349.9	-20114
350	-20661
350.1	-21940
350.2	-22680
350.3	-22247
350.4	-22256
350.5	-22112
350.6	-21940
350.7	-21490
350.8	-22292
350.9	-23744
351	-25892
351.1	-27543
351.2	-27817
351.3	-28623
351.4	-28979
351.5	-29211
351.6	-28790
351.7	-28512
351.8	-28546
351.9	-28934
352	-29588
352.1	-30535
352.2	-31241
352.3	-31417
352.4	-31940
352.5	-32622
352.6	-33558
352.7	-34879
352.8	-35799
352.9	-35758
353	-35267
353.1	-34892
353.2	-34851
353.3	-34699
353.4	-34555
353.5	-34564
353.6	-34780
353.7	-35537
353.8	-35833
353.9	-36536
354	-37240
354.1	-36794
354.2	-36605
354.3	-37132
354.4	-37132
354.5	-37092
354.6	-37259
354.7	-37312
354.8	-37375
354.9	-37872
355	-38393
355.1	-38747
355.2	-38768
355.3	-38760
355.4	-39223
355.5	-39606
355.6	-39120
355.7	-38384
355.8	-38449
355.9	-38813
356	-39349
356.1	-40211
356.2	-41255
356.3	-41602
356.4	-41066
356.5	-41103
356.6	-41630
356.7	-42368
356.8	-42194
356.9	-42364
357	-42694
357.1	-42662
357.2	-42846
357.3	-43112
357.4	-43423
357.5	-43478
357.6	-44321
357.7	-45672
357.8	-47123
357.9	-48493
358	-49295
358.1	-49736
358.2	-49254
358.3	-49138
358.4	-49164
358.5	-49531
358.6	-49355
358.7	-49818
358.8	-50215
358.9	-50783
359	-51036
359.1	-51874
359.2	-52324
359.3	-51915
359.4	-51653
359.5	-52401
359.6	-53055
359.7	-53428
359.8	-53613
359.9	-53600
360	-50009
