0	6453
0.099861304	7743
0.199722607	8697
0.299583911	8423
0.399445215	7580
0.499306519	7319
0.599167822	7613
0.699029126	8026
0.79889043	8279
0.898751734	8481
0.998613037	8522
1.098474341	8775
1.198335645	8923
1.298196949	9360
1.398058252	9225
1.497919556	9356
1.59778086	9900
1.697642164	9900
1.797503467	9941
1.897364771	10211
1.997226075	10213
2.097087379	10181
2.196948682	10578
2.296809986	10843
2.39667129	10919
2.496532594	11184
2.596393897	11707
2.696255201	12406
2.796116505	12672
2.895977809	13084
2.995839112	13219
3.095700416	13813
3.19556172	13971
3.295423024	14304
3.395284327	13841
3.495145631	14287
3.595006935	14540
3.694868239	14760
3.794729542	14720
3.894590846	15191
3.99445215	15669
4.094313454	15907
4.194174757	15689
4.294036061	15976
4.393897365	15914
4.493758669	16214
4.593619972	16658
4.693481276	17292
4.79334258	17689
4.893203883	18373
4.993065187	18729
5.092926491	18815
5.192787795	18572
5.292649098	18733
5.392510402	19387
5.492371706	19402
5.59223301	19456
5.692094313	19837
5.791955617	19749
5.891816921	19771
5.991678225	20510
6.091539528	20875
6.191400832	20753
6.291262136	20560
6.39112344	21001
6.490984743	21190
6.590846047	21280
6.690707351	21338
6.790568655	21825
6.890429958	22069
6.990291262	22258
7.090152566	22133
7.19001387	22444
7.289875173	22997
7.389736477	23418
7.489597781	23503
7.589459085	23587
7.689320388	23979
7.789181692	23971
7.889042996	24031
7.9889043	24556
8.088765603	24813
8.188626907	25332
8.288488211	25480
8.388349515	25594
8.488210818	25827
8.588072122	26265
8.687933426	26473
8.78779473	26539
8.887656033	26608
8.987517337	26468
9.087378641	26498
9.187239945	26985
9.287101248	27528
9.386962552	27658
9.486823856	27573
9.58668516	27671
9.686546463	28085
9.786407767	28576
9.886269071	29018
9.986130374	29238
10.08599168	29090
10.18585298	29361
10.28571429	29528
10.38557559	29916
10.48543689	30388
10.5852982	31101
10.6851595	30848
10.7850208	30971
10.88488211	31809
10.98474341	32156
11.08460472	32259
11.18446602	32456
11.28432732	32926
11.38418863	32836
11.48404993	33254
11.58391123	33552
11.68377254	33876
11.78363384	34079
11.88349515	34615
11.98335645	34489
12.08321775	34999
12.18307906	35201
12.28294036	35842
12.38280166	36279
12.48266297	36391
12.58252427	36320
12.68238558	36954
12.78224688	37100
12.88210818	37964
12.98196949	38059
13.08183079	38447
13.18169209	38627
13.2815534	38676
13.3814147	39068
13.48127601	39398
13.58113731	39799
13.68099861	39964
13.78085992	40295
13.88072122	40046
13.98058252	40466
14.08044383	40569
14.18030513	41043
14.28016644	41326
14.38002774	41570
14.47988904	41755
14.57975035	42001
14.67961165	42237
14.77947295	42786
14.87933426	43030
14.97919556	42900
15.07905687	42912
15.17891817	43236
15.27877947	43575
15.37864078	44031
15.47850208	44531
15.57836338	44630
15.67822469	44593
15.77808599	45095
15.8779473	45401
15.9778086	45689
16.0776699	45856
16.17753121	46229
16.27739251	46495
16.37725381	46739
16.47711512	47067
16.57697642	47680
16.67683773	47884
16.77669903	48397
16.87656033	48388
16.97642164	48474
17.07628294	48776
17.17614424	49033
17.27600555	49728
17.37586685	50039
17.47572816	50122
17.57558946	50182
17.67545076	50624
17.77531207	50944
17.87517337	51229
17.97503467	51606
18.07489598	51823
18.17475728	52341
18.27461859	52809
18.37447989	53040
18.47434119	53246
18.5742025	53611
18.6740638	54022
18.7739251	54355
18.87378641	54901
18.97364771	55294
19.07350902	56072
19.17337032	56563
19.27323162	57122
19.37309293	57127
19.47295423	57429
19.57281553	57883
19.67267684	58235
19.77253814	58254
19.87239945	58632
19.97226075	58722
20.07212205	58857
20.17198336	59043
20.27184466	59695
20.37170596	59826
20.47156727	60107
20.57142857	60696
20.67128988	61290
20.77115118	61863
20.87101248	61993
20.97087379	62079
21.07073509	62210
21.17059639	62712
21.2704577	63052
21.370319	63031
21.47018031	63192
21.57004161	63563
21.66990291	63968
21.76976422	64442
21.86962552	64302
21.96948682	64868
22.06934813	65194
22.16920943	65248
22.26907074	65554
22.36893204	66285
22.46879334	66320
22.56865465	66410
22.66851595	66637
22.76837725	67182
22.86823856	67651
22.96809986	67730
23.06796117	68262
23.16782247	68809
23.26768377	69214
23.36754508	69480
23.46740638	69583
23.56726768	69767
23.66712899	69962
23.76699029	70346
23.8668516	70867
23.9667129	71480
24.0665742	71860
24.16643551	72278
24.26629681	72409
24.36615811	72544
24.46601942	72629
24.56588072	73262
24.66574202	73562
24.76560333	73978
24.86546463	74450
24.96532594	75005
25.06518724	75442
25.16504854	75920
25.26490985	76216
25.36477115	76628
25.46463245	76744
25.56449376	76960
25.66435506	77200
25.76421637	77552
25.86407767	78124
25.96393897	78637
26.06380028	78868
26.16366158	78911
26.26352288	78952
26.36338419	79462
26.46324549	79805
26.5631068	80317
26.6629681	80783
26.7628294	81070
26.86269071	81522
26.96255201	81863
27.06241331	81990
27.16227462	82296
27.26213592	82847
27.36199723	83162
27.46185853	83364
27.56171983	83499
27.66158114	83797
27.76144244	84067
27.86130374	84279
27.96116505	84517
28.06102635	84766
28.16088766	85086
28.26074896	85763
28.36061026	85924
28.46047157	86402
28.56033287	86618
28.66019417	87420
28.76005548	87641
28.85991678	87858
28.95977809	88143
29.05963939	88484
29.15950069	88795
29.259362	88876
29.3592233	89056
29.4590846	89301
29.55894591	89575
29.65880721	89837
29.75866852	89959
29.85852982	90246
29.95839112	90458
30.05825243	90814
30.15811373	91009
30.25797503	91489
30.35783634	92028
30.45769764	92364
30.55755895	92667
30.65742025	93181
30.75728155	93623
30.85714286	94028
30.95700416	94262
31.05686546	94452
31.15672677	94948
31.25658807	95434
31.35644938	96155
31.45631068	96641
31.55617198	96858
31.65603329	96862
31.75589459	97070
31.85575589	97169
31.9556172	97733
32.0554785	98024
32.15533981	98183
32.25520111	98449
32.35506241	98777
32.45492372	99021
32.55478502	99553
32.65464632	100224
32.75450763	101081
32.85436893	101442
32.95423024	101913
33.05409154	102469
33.15395284	102902
33.25381415	103082
33.35367545	103208
33.45353675	103465
33.55339806	103573
33.65325936	103911
33.75312067	103879
33.85298197	104019
33.95284327	104199
34.05270458	104739
34.15256588	104853
34.25242718	105020
34.35228849	105266
34.45214979	105556
34.5520111	106291
34.6518724	107024
34.7517337	107254
34.85159501	107515
34.95145631	107867
35.05131761	108124
35.15117892	108242
35.25104022	108414
35.35090153	108697
35.45076283	108806
35.55062413	109378
35.65048544	110225
35.75034674	110328
35.85020804	110140
35.95006935	110459
36.04993065	110815
36.14979196	110676
36.24965326	110864
36.34951456	111130
36.44937587	111297
36.54923717	111677
36.64909847	112099
36.74895978	112464
36.84882108	112862
36.94868239	113302
37.04854369	113358
37.14840499	113664
37.2482663	114192
37.3481276	114552
37.4479889	114940
37.54785021	115195
37.64771151	115737
37.74757282	115827
37.84743412	115997
37.94729542	116147
38.04715673	116498
38.14701803	116773
38.24687933	117247
38.34674064	117489
38.44660194	117864
38.54646325	118269
38.64632455	118642
38.74618585	119035
38.84604716	119301
38.94590846	119892
39.04576976	120098
39.14563107	120289
39.24549237	120595
39.34535368	120801
39.44521498	121249
39.54507628	121734
39.64493759	121745
39.74479889	121798
39.84466019	122186
39.9445215	122441
40.0443828	122703
40.14424411	122883
40.24410541	123458
40.34396671	123934
40.44382802	124395
40.54368932	124525
40.64355062	124686
40.74341193	125033
40.84327323	125404
40.94313454	125859
41.04299584	126191
41.14285714	126472
41.24271845	126476
41.34257975	126689
41.44244105	127143
41.54230236	127233
41.64216366	127522
41.74202497	127883
41.84188627	128243
41.94174757	128247
42.04160888	128369
42.14147018	128427
42.24133148	128622
42.34119279	128667
42.44105409	128922
42.5409154	129167
42.6407767	129465
42.740638	129784
42.84049931	130153
42.94036061	130730
43.04022191	130996
43.14008322	131412
43.23994452	131442
43.33980583	131568
43.43966713	131712
43.53952843	132331
43.63938974	132331
43.73925104	132601
43.83911234	132732
43.93897365	133002
44.03883495	133245
44.13869626	133480
44.23855756	133768
44.33841886	133967
44.43828017	134492
44.53814147	134823
44.63800277	135161
44.73786408	135562
44.83772538	136295
44.93758669	136746
45.03744799	137129
45.13730929	137423
45.2371706	137494
45.3370319	137800
45.4368932	137897
45.53675451	138234
45.63661581	138690
45.73647712	138740
45.83633842	138864
45.93619972	139158
46.03606103	139619
46.13592233	139829
46.23578363	140217
46.33564494	140405
46.43550624	140928
46.53536755	140982
46.63522885	141272
46.73509015	141754
46.83495146	142007
46.93481276	142416
47.03467406	142560
47.13453537	142796
47.23439667	143287
47.33425798	143651
47.43411928	143754
47.53398058	143705
47.63384189	143814
47.73370319	143984
47.83356449	144363
47.9334258	144777
48.0332871	145071
48.1331484	144993
48.23300971	145259
48.33287101	145581
48.43273232	146072
48.53259362	146237
48.63245492	146419
48.73231623	146134
48.83217753	146211
48.93203883	146522
49.03190014	147058
49.13176144	147369
49.23162275	147463
49.33148405	147532
49.43134535	147703
49.53120666	147982
49.63106796	148134
49.73092926	148244
49.83079057	148542
49.93065187	149090
50.03051318	149491
50.13037448	149478
50.23023578	149388
50.33009709	149496
50.42995839	149875
50.52981969	150195
50.629681	150510
50.7295423	150563
50.82940361	150664
50.92926491	150874
51.02912621	150848
51.12898752	151187
51.22884882	151344
51.32871012	151659
51.42857143	152124
51.52843273	152534
51.62829404	152602
51.72815534	152583
51.82801664	152718
51.92787795	153044
52.02773925	153331
52.12760055	153340
52.22746186	153822
52.32732316	154242
52.42718447	154849
52.52704577	154971
52.62690707	154980
52.72676838	155293
52.82662968	155689
52.92649098	155900
53.02635229	156017
53.12621359	156451
53.2260749	156549
53.3259362	156712
53.4257975	156721
53.52565881	157122
53.62552011	157145
53.72538141	157325
53.82524272	157400
53.92510402	157677
54.02496533	157874
54.12482663	158067
54.22468793	158086
54.32454924	158337
54.42441054	158434
54.52427184	158622
54.62413315	159051
54.72399445	159366
54.82385576	159392
54.92371706	159461
55.02357836	159636
55.12343967	159763
55.22330097	159771
55.32316227	159834
55.42302358	160185
55.52288488	160455
55.62274619	160638
55.72260749	160691
55.82246879	160736
55.9223301	161219
56.0221914	161620
56.1220527	161952
56.22191401	161435
56.32177531	161465
56.42163662	161510
56.52149792	161890
56.62135922	162183
56.72122053	162327
56.82108183	162580
56.92094313	162574
57.02080444	162606
57.12066574	162981
57.22052705	163227
57.32038835	163238
57.42024965	163305
57.52011096	163624
57.61997226	163931
57.71983356	163971
57.81969487	164044
57.91955617	164368
58.01941748	164748
58.11927878	164913
58.21914008	164960
58.31900139	165022
58.41886269	165279
58.51872399	165575
58.6185853	165639
58.7184466	165892
58.81830791	166090
58.91816921	166122
59.01803051	166184
59.11789182	166148
59.21775312	166167
59.31761442	166506
59.41747573	166613
59.51733703	166996
59.61719834	167217
59.71705964	167668
59.81692094	167914
59.91678225	168105
60.01664355	168186
60.11650485	168487
60.21636616	168641
60.31622746	168879
60.41608877	168997
60.51595007	168935
60.61581137	169110
60.71567268	169213
60.81553398	169415
60.91539528	169488
61.01525659	169451
61.11511789	169631
61.2149792	169811
61.3148405	169696
61.4147018	169597
61.51456311	169550
61.61442441	169601
61.71428571	169749
61.81414702	169818
61.91400832	169736
62.01386963	169966
62.11373093	170043
62.21359223	170056
62.31345354	169902
62.41331484	170257
62.51317614	170167
62.61303745	170350
62.71289875	170412
62.81276006	170641
62.91262136	171083
63.01248266	171357
63.11234397	171389
63.21220527	171422
63.31206657	171512
63.41192788	171471
63.51178918	171795
63.61165049	171936
63.71151179	172080
63.81137309	172093
63.9112344	172399
64.0110957	172502
64.110957	172513
64.21081831	172824
64.31067961	173004
64.41054092	172967
64.51040222	173098
64.61026352	173180
64.71012483	173085
64.80998613	173040
64.90984743	173250
65.00970874	173237
65.10957004	173287
65.20943135	173310
65.30929265	173499
65.40915395	173913
65.50901526	174099
65.60887656	174174
65.70873786	174153
65.80859917	174354
65.90846047	174460
66.00832178	174517
66.10818308	174775
66.20804438	175103
66.30790569	175148
66.40776699	175081
66.50762829	175113
66.6074896	175233
66.7073509	175152
66.80721221	175197
66.90707351	175216
67.00693481	175384
67.10679612	175688
67.20665742	175887
67.30651872	176022
67.40638003	175924
67.50624133	176010
67.60610264	176076
67.70596394	176353
67.80582524	176591
67.90568655	176546
68.00554785	176505
68.10540915	176766
68.20527046	176878
68.30513176	176906
68.40499307	177118
68.50485437	177105
68.60471567	177229
68.70457698	177401
68.80443828	177375
68.90429958	177294
69.00416089	177184
69.10402219	177412
69.2038835	177371
69.3037448	177433
69.4036061	177425
69.50346741	177452
69.60332871	177380
69.70319001	177425
69.80305132	177437
69.90291262	177536
70.00277393	177731
70.10263523	177682
70.20249653	177708
70.30235784	177596
70.40221914	177343
70.50208044	177330
70.60194175	177094
70.70180305	177086
70.80166436	177131
70.90152566	177367
71.00138696	177502
71.10124827	177450
71.20110957	177618
71.30097087	177581
71.40083218	177744
71.50069348	178001
71.60055479	178033
71.70041609	177956
71.80027739	178029
71.9001387	178209
72	178389
72.0998613	178672
72.19972261	178735
72.29958391	179060
72.39944521	179150
72.49930652	179245
72.59916782	179159
72.69902913	179159
72.79889043	179123
72.89875173	179093
72.99861304	178947
73.09847434	179187
73.19833564	179363
73.29819695	179421
73.39805825	179281
73.49791956	179313
73.59778086	179620
73.69764216	179515
73.79750347	179538
73.89736477	179478
73.99722607	179691
74.09708738	179800
74.19694868	180006
74.29680999	180141
74.39667129	180177
74.49653259	180218
74.5963939	180312
74.6962552	180336
74.7961165	180452
74.89597781	180463
74.99583911	180417
75.09570042	180332
75.19556172	180304
75.29542302	180205
75.39528433	180407
75.49514563	180443
75.59500693	180503
75.69486824	180282
75.79472954	180272
75.89459085	180304
75.99445215	180443
76.09431345	180390
76.19417476	180610
76.29403606	180411
76.39389736	180493
76.49375867	180467
76.59361997	180336
76.69348128	180115
76.79334258	180111
76.89320388	180087
76.99306519	180055
77.09292649	180070
77.19278779	180152
77.2926491	180321
77.3925104	180210
77.49237171	180263
77.59223301	180062
77.69209431	179931
77.79195562	179984
77.89181692	180066
77.99167822	180272
78.09153953	180452
78.19140083	180417
78.29126214	180372
78.39112344	180156
78.49098474	180156
78.59084605	180246
78.69070735	180312
78.79056865	180165
78.89042996	180287
78.99029126	180119
79.09015257	180010
79.19001387	179875
79.28987517	179939
79.38973648	180160
79.48959778	180205
79.58945908	180259
79.68932039	180250
79.78918169	180385
79.889043	180336
79.9889043	180422
80.0887656	180287
80.18862691	180398
80.28848821	180218
80.38834951	180291
80.48821082	180340
80.58807212	180497
80.68793343	180574
80.78779473	180250
80.88765603	180308
80.98751734	180357
81.08737864	180471
81.18723994	180336
81.28710125	180484
81.38696255	180177
81.48682386	180321
81.58668516	179931
81.68654646	180017
81.78640777	179944
81.88626907	180156
81.98613037	179834
82.08599168	180029
82.18585298	179772
82.28571429	180132
82.38557559	179997
82.48543689	180111
82.5852982	179817
82.6851595	179984
82.7850208	179809
82.88488211	180197
82.98474341	180066
83.08460472	179939
83.18446602	179727
83.28432732	179579
83.38418863	179564
83.48404993	179669
83.58391123	180029
83.68377254	179506
83.78363384	179528
83.88349515	179433
83.98335645	179515
84.08321775	179236
84.18307906	179318
84.28294036	179178
84.38280166	179168
84.48266297	178799
84.58252427	179041
84.68238558	178786
84.78224688	178700
84.88210818	178848
84.98196949	178735
85.08183079	178692
85.18169209	178696
85.2815534	178777
85.3814147	178758
85.48127601	178591
85.58113731	178244
85.68099861	178263
85.78085992	178334
85.88072122	178349
85.98058252	178394
86.08044383	178361
86.18030513	178145
86.28016644	178239
86.38002774	177961
86.47988904	178063
86.57975035	177978
86.67961165	178145
86.77947295	178244
86.87933426	177798
86.97919556	177939
87.07905687	177802
87.17891817	178096
87.27877947	177943
87.37864078	177838
87.47850208	177712
87.57836338	177609
87.67822469	177641
87.77808599	177686
87.8779473	177862
87.9778086	177686
88.0776699	177618
88.17753121	177572
88.27739251	177645
88.37725381	177536
88.47711512	177356
88.57697642	177609
88.67683773	177585
88.77669903	177650
88.87656033	177465
88.97642164	177311
89.07628294	177420
89.17614424	177506
89.27600555	177347
89.37586685	177045
89.47572816	177236
89.57558946	177172
89.67545076	177114
89.77531207	176991
89.87517337	176914
89.97503467	176848
90.07489598	176799
90.17475728	176608
90.27461859	176509
90.37447989	176415
90.47434119	176158
90.5742025	175950
90.6740638	176211
90.7739251	176333
90.87378641	176218
90.97364771	175814
91.07350902	175774
91.17337032	175761
91.27323162	174869
91.37309293	174517
91.47295423	174535
91.57281553	174301
91.67267684	174676
91.77253814	174805
91.87239945	174968
91.97226075	174464
92.07212205	174320
92.17198336	174365
92.27184466	174595
92.37170596	174522
92.47156727	174440
92.57142857	174505
92.67128988	174138
92.77115118	174279
92.87101248	174048
92.97087379	174112
93.07073509	173846
93.17059639	173851
93.2704577	173954
93.370319	173746
93.47018031	173675
93.57004161	173638
93.66990291	173647
93.76976422	173437
93.86962552	173540
93.96948682	173282
94.06934813	173390
94.16920943	173216
94.26907074	173062
94.36893204	173216
94.46879334	172809
94.56865465	173049
94.66851595	172963
94.76837725	172862
94.86823856	172774
94.96809986	172682
95.06796117	172566
95.16782247	173083
95.26768377	172845
95.36754508	172513
95.46740638	172313
95.56726768	172399
95.66712899	172196
95.76699029	172075
95.8668516	172052
95.9667129	171917
96.0665742	171844
96.16643551	171876
96.26629681	171732
96.36615811	171683
96.46601942	171503
96.56588072	171336
96.66574202	171226
96.76560333	171083
96.86546463	170976
96.96532594	170894
97.06518724	170588
97.16504854	170470
97.26490985	170326
97.36477115	170109
97.46463245	170069
97.56449376	170073
97.66435506	169880
97.76421637	169758
97.86407767	169582
97.96393897	169631
98.06380028	169651
98.16366158	169421
98.26352288	169366
98.36338419	169091
98.46324549	168939
98.5631068	168838
98.6629681	168596
98.7628294	168081
98.86269071	167974
98.96255201	167537
99.06241331	167438
99.16227462	167279
99.26213592	167018
99.36199723	167279
99.46185853	167361
99.56171983	167149
99.66158114	167121
99.76144244	167127
99.86130374	167275
99.96116505	167157
100.0610264	166842
100.1608877	166924
100.260749	166658
100.3606103	166409
100.4604716	166433
100.5603329	166641
100.6601942	166555
100.7600555	166184
100.8599168	166225
100.9597781	165987
101.0596394	165869
101.1595007	166019
101.259362	165843
101.3592233	165811
101.4590846	165648
101.5589459	165485
101.6588072	165481
101.7586685	165202
101.8585298	165129
101.9583911	165039
102.0582524	164940
102.1581137	164737
102.257975	164544
102.3578363	164563
102.4576976	164441
102.5575589	164171
102.6574202	163995
102.7572816	164130
102.8571429	163860
102.9570042	163525
103.0568655	163039
103.1567268	163251
103.2565881	163152
103.3564494	163101
103.4563107	162944
103.556172	162773
103.6560333	162413
103.7558946	162286
103.8557559	162218
103.9556172	162138
104.0554785	161967
104.1553398	161930
104.2552011	161390
104.3550624	160978
104.4549237	161240
104.554785	161073
104.6546463	160528
104.7545076	160099
104.8543689	159971
104.9542302	159915
105.0540915	159767
105.1539528	159199
105.2538141	159137
105.3536755	158779
105.4535368	158569
105.5533981	158753
105.6532594	158794
105.7531207	158374
105.852982	158545
105.9528433	158221
106.0527046	158028
106.1525659	158041
106.2524272	158009
106.3522885	157874
106.4521498	157694
106.5520111	157387
106.6518724	157392
106.7517337	157190
106.851595	156946
106.9514563	156815
107.0513176	156577
107.1511789	156553
107.2510402	156487
107.3509015	156140
107.4507628	156009
107.5506241	156058
107.6504854	156075
107.7503467	155679
107.850208	155666
107.9500693	155548
108.0499307	155301
108.149792	155220
108.2496533	155138
108.3495146	154815
108.4493759	154553
108.5492372	154268
108.6490985	153878
108.7489598	153777
108.8488211	153376
108.9486824	153481
109.0485437	153187
109.148405	152782
109.2482663	152602
109.3481276	152902
109.4479889	152386
109.5478502	152182
109.6477115	152111
109.7475728	151957
109.8474341	151908
109.9472954	151498
110.0471567	151196
110.147018	151303
110.2468793	151065
110.3467406	150829
110.4466019	150366
110.5464632	149817
110.6463245	149761
110.7461859	149695
110.8460472	149073
110.9459085	149050
111.0457698	148842
111.1456311	148269
111.2454924	148113
111.3453537	148244
111.445215	148207
111.5450763	148141
111.6449376	147991
111.7447989	147680
111.8446602	147418
111.9445215	147238
112.0443828	147229
112.1442441	147077
112.2441054	146724
112.3439667	146183
112.443828	146130
112.5436893	145652
112.6435506	145354
112.7434119	145169
112.8432732	144736
112.9431345	144412
113.0429958	144097
113.1428571	144121
113.2427184	143724
113.3425798	143488
113.4424411	143120
113.5423024	142564
113.6421637	142159
113.742025	142408
113.8418863	142989
113.9417476	142573
114.0416089	142789
114.1414702	142421
114.2413315	142502
114.3411928	142007
114.4410541	141831
114.5409154	141524
114.6407767	141344
114.740638	141304
114.8404993	141027
114.9403606	140335
115.0402219	140004
115.1400832	140588
115.2399445	139878
115.3398058	140163
115.4396671	139861
115.5395284	139947
115.6393897	139501
115.739251	139550
115.8391123	139095
115.9389736	138748
116.038835	138553
116.1386963	138086
116.2385576	138401
116.3384189	137951
116.4382802	137721
116.5381415	137440
116.6380028	137365
116.7378641	136887
116.8377254	136831
116.9375867	136729
117.037448	136450
117.1373093	135674
117.2371706	135809
117.3370319	135777
117.4368932	135412
117.5367545	135314
117.6366158	135178
117.7364771	134443
117.8363384	134295
117.9361997	133277
118.036061	133551
118.1359223	133133
118.2357836	132867
118.3356449	133056
118.4355062	132758
118.5353675	132299
118.6352288	132070
118.7350902	131613
118.8349515	131315
118.9348128	131086
119.0346741	130955
119.1345354	130533
119.2343967	129896
119.334258	129028
119.4341193	128689
119.5339806	128852
119.6338419	128680
119.7337032	128922
119.8335645	128721
119.9334258	128607
120.0332871	128271
120.1331484	128333
120.2330097	127981
120.332871	127703
120.4327323	126972
120.5325936	126935
120.6324549	126873
120.7323162	126684
120.8321775	126616
120.9320388	126493
121.0319001	126371
121.1317614	125621
121.2316227	125561
121.331484	125246
121.4313454	124866
121.5312067	124457
121.631068	124485
121.7309293	124285
121.8307906	123944
121.9306519	123863
122.0305132	123949
122.1303745	123385
122.2302358	122870
122.3300971	122253
122.4299584	122375
122.5298197	122126
122.629681	122208
122.7295423	121565
122.8294036	121185
122.9292649	121389
123.0291262	121209
123.1289875	121202
123.2288488	121086
123.3287101	120257
123.4285714	119472
123.5284327	119219
123.628294	119000
123.7281553	119185
123.8280166	118919
123.9278779	118604
124.0277393	118261
124.1276006	118467
124.2274619	118016
124.3273232	117656
124.4271845	116921
124.5270458	116511
124.6269071	116413
124.7267684	116273
124.8266297	116192
124.926491	115778
125.0263523	115566
125.1262136	115259
125.2260749	114577
125.3259362	114185
125.4257975	114470
125.5256588	114033
125.6255201	113726
125.7253814	113478
125.8252427	113150
125.925104	112086
126.0249653	111486
126.1248266	111347
126.2246879	111149
126.3245492	111415
126.4244105	111342
126.5242718	111085
126.6241331	110913
126.7239945	109616
126.8238558	109644
126.9237171	109861
127.0235784	109874
127.1234397	109368
127.223301	108467
127.3231623	108757
127.4230236	108697
127.5228849	108304
127.6227462	108454
127.7226075	108083
127.8224688	108034
127.9223301	107968
128.0221914	107359
128.1220527	107608
128.221914	106548
128.3217753	106467
128.4216366	106488
128.5214979	106471
128.6213592	106525
128.7212205	106227
128.8210818	105944
128.9209431	105524
129.0208044	105367
129.1206657	104561
129.220527	104415
129.3203883	103200
129.4202497	103545
129.520111	103601
129.6199723	103410
129.7198336	102992
129.8196949	103275
129.9195562	102526
130.0194175	102775
130.1192788	102261
130.2191401	101613
130.3190014	101343
130.4188627	101337
130.518724	100766
130.6185853	101427
130.7184466	100612
130.8183079	100530
130.9181692	100183
131.0180305	100211
131.1178918	99585
131.2177531	99135
131.3176144	99205
131.4174757	99021
131.517337	98652
131.6171983	98457
131.7170596	97709
131.8169209	97700
131.9167822	97177
132.0166436	96830
132.1165049	96609
132.2163662	96350
132.3162275	95876
132.4160888	95218
132.5159501	95153
132.6158114	94838
132.7156727	94716
132.815534	94407
132.9153953	94315
133.0152566	93267
133.1151179	93464
133.2149792	93050
133.3148405	92995
133.4147018	92482
133.5145631	92752
133.6144244	92152
133.7142857	91807
133.814147	91269
133.9140083	90932
134.0138696	90585
134.1137309	90467
134.2135922	90490
134.3134535	90102
134.4133148	89824
134.5131761	89105
134.6130374	88111
134.7128988	88066
134.8127601	87916
134.9126214	87871
135.0124827	88115
135.112344	88188
135.2122053	88312
135.3120666	88254
135.4119279	87976
135.5117892	87077
135.6116505	86063
135.7115118	85789
135.8113731	85604
135.9112344	86239
136.0110957	85924
136.110957	85842
136.2108183	85532
136.3106796	85407
136.4105409	84505
136.5104022	84517
136.6102635	84447
136.7101248	84385
136.8099861	84121
136.9098474	83109
137.0097087	83171
137.10957	83032
137.2094313	82963
137.3092926	82618
137.409154	82386
137.5090153	81544
137.6088766	81314
137.7087379	80583
137.8085992	80538
137.9084605	80382
138.0083218	80543
138.1081831	80084
138.2080444	79756
138.3079057	79854
138.407767	79569
138.5076283	78795
138.6074896	78562
138.7073509	78512
138.8072122	78289
138.9070735	78101
139.0069348	77496
139.1067961	77127
139.2066574	77065
139.3065187	76686
139.40638	76461
139.5062413	76060
139.6061026	76015
139.7059639	75067
139.8058252	74853
139.9056865	74756
140.0055479	74190
140.1054092	73680
140.2052705	73806
140.3051318	73225
140.4049931	73127
140.5048544	72955
140.6047157	72674
140.704577	71836
140.8044383	71495
140.9042996	71626
141.0041609	71729
141.1040222	71624
141.2038835	71665
141.3037448	71238
141.4036061	71144
141.5034674	70425
141.6033287	70142
141.70319	69949
141.8030513	68798
141.9029126	68624
142.0027739	68277
142.1026352	68376
142.2024965	68110
142.3023578	68372
142.4022191	68258
142.5020804	68326
142.6019417	68168
142.7018031	67975
142.8016644	67542
142.9015257	67443
143.001387	67141
143.1012483	66785
143.2011096	66429
143.3009709	66230
143.4008322	65910
143.5006935	65812
143.6005548	65198
143.7004161	64892
143.8002774	64450
143.9001387	64347
144	64217
144.0998613	63976
144.1997226	63906
144.2995839	63666
144.3994452	63297
144.4993065	62053
144.5991678	62030
144.6990291	62283
144.7988904	61989
144.8987517	61818
144.998613	61331
145.0984743	61039
145.1983356	60418
145.2981969	60287
145.3980583	60214
145.4979196	60107
145.5977809	59637
145.6976422	58514
145.7975035	58235
145.8973648	58226
145.9972261	57798
146.0970874	57862
146.1969487	57302
146.29681	57302
146.3966713	57028
146.4965326	56749
146.5963939	55887
146.6962552	55860
146.7961165	55729
146.8959778	55474
146.9958391	55315
147.0957004	54936
147.1955617	54644
147.295423	54198
147.3952843	54436
147.4951456	54183
147.5950069	53981
147.6948682	53733
147.7947295	53422
147.8945908	53426
147.9944521	53057
148.0943135	53124
148.1941748	52723
148.2940361	52457
148.3938974	52170
148.4937587	52138
148.59362	51981
148.6934813	51732
148.7933426	51454
148.8932039	50894
148.9930652	50506
149.0929265	50551
149.1927878	50916
149.2926491	50592
149.3925104	50358
149.4923717	49799
149.592233	49569
149.6920943	49704
149.7919556	49050
149.8918169	48984
149.9916782	48978
150.0915395	49025
150.1914008	48163
150.2912621	47798
150.3911234	47803
150.4909847	47685
150.590846	47438
150.6907074	47067
150.7905687	46617
150.89043	46654
150.9902913	46593
151.0901526	46058
151.1900139	45922
151.2898752	45292
151.3897365	45401
151.4895978	44698
151.5894591	44739
151.6893204	44111
151.7891817	43984
151.889043	43684
151.9889043	43768
152.0887656	43431
152.1886269	43060
152.2884882	43107
152.3883495	43080
152.4882108	42666
152.5880721	42224
152.6879334	41836
152.7877947	41800
152.887656	41677
152.9875173	41384
153.0873786	41345
153.1872399	40888
153.2871012	40430
153.3869626	40254
153.4868239	40222
153.5866852	39870
153.6865465	39709
153.7864078	39298
153.8862691	39272
153.9861304	39195
154.0859917	39055
154.185853	38627
154.2857143	38423
154.3855756	38311
154.4854369	37793
154.5852982	37640
154.6851595	37780
154.7850208	37690
154.8848821	37094
154.9847434	36879
155.0846047	36802
155.184466	36757
155.2843273	36545
155.3841886	36185
155.4840499	35985
155.5839112	35734
155.6837725	35351
155.7836338	35342
155.8834951	35252
155.9833564	34935
156.0832178	34665
156.1830791	34598
156.2829404	34399
156.3828017	34337
156.482663	33953
156.5825243	33655
156.6823856	33119
156.7822469	33048
156.8821082	32909
156.9819695	33097
157.0818308	32999
157.1816921	32999
157.2815534	32444
157.3814147	32236
157.481276	31998
157.5811373	31764
157.6809986	32019
157.7808599	31511
157.8807212	31200
157.9805825	30448
158.0804438	30379
158.1803051	30555
158.2801664	30415
158.3800277	29888
158.479889	29982
158.5797503	29331
158.6796117	29131
158.779473	28636
158.8793343	28874
158.9791956	28726
159.0790569	28162
159.1789182	27892
159.2787795	28010
159.3786408	27789
159.4785021	28064
159.5783634	27568
159.6782247	27373
159.778086	26841
159.8779473	26820
159.9778086	26730
160.0776699	26554
160.1775312	26460
160.2773925	26175
160.3772538	25549
160.4771151	25426
160.5769764	25206
160.6768377	25296
160.776699	25279
160.8765603	25047
160.9764216	25017
161.0762829	24882
161.1761442	24710
161.2760055	24290
161.3758669	24215
161.4757282	24151
161.5755895	23971
161.6754508	23733
161.7753121	23291
161.8751734	23476
161.9750347	23606
162.074896	23291
162.1747573	22916
162.2746186	22871
162.3744799	22502
162.4743412	22232
162.5742025	22286
162.6740638	22000
162.7739251	22078
162.8737864	21913
162.9736477	22183
163.073509	21966
163.1733703	21717
163.2732316	21434
163.3730929	21293
163.4729542	21119
163.5728155	21128
163.6726768	21128
163.7725381	20956
163.8723994	21006
163.9722607	20744
164.0721221	20401
164.1719834	20547
164.2718447	20384
164.371706	20146
164.4715673	20077
164.5714286	19884
164.6712899	19857
164.7711512	19771
164.8710125	19649
164.9708738	19284
165.0707351	18937
165.1705964	18729
165.2704577	18609
165.370319	18328
165.4701803	18221
165.5700416	18071
165.6699029	17747
165.7697642	17625
165.8696255	17535
165.9694868	17314
166.0693481	17179
166.1692094	16967
166.2690707	17039
166.368932	16973
166.4687933	16476
166.5686546	16368
166.668516	16300
166.7683773	16259
166.8682386	15948
166.9680999	15669
167.0679612	15522
167.1678225	15567
167.2676838	15416
167.3675451	15236
167.4674064	15187
167.5672677	15110
167.667129	15024
167.7669903	14823
167.8668516	14850
167.9667129	14769
168.0665742	14664
168.1664355	14570
168.2662968	14540
168.3661581	14525
168.4660194	14295
168.5658807	14237
168.665742	14214
168.7656033	14259
168.8654646	14177
168.9653259	14107
169.0651872	14124
169.1650485	13952
169.2649098	13997
169.3647712	13611
169.4646325	13564
169.5644938	13474
169.6643551	13523
169.7642164	13298
169.8640777	13020
169.963939	13146
170.0638003	13215
170.1636616	13313
170.2635229	13232
170.3633842	13129
170.4632455	13002
170.5631068	13204
170.6629681	12885
170.7628294	12970
170.8626907	12597
170.962552	12677
171.0624133	12700
171.1622746	12460
171.2621359	12235
171.3619972	12381
171.4618585	12029
171.5617198	12023
171.6615811	11943
171.7614424	11821
171.8613037	11821
171.961165	11695
172.0610264	11555
172.1608877	11437
172.260749	11217
172.3606103	11146
172.4604716	11139
172.5603329	10951
172.6601942	10843
172.7600555	10567
172.8599168	10803
172.9597781	10550
173.0596394	10235
173.1595007	10112
173.259362	10108
173.3592233	9941
173.4590846	9594
173.5589459	9334
173.6588072	9323
173.7586685	9113
173.8585298	9238
173.9583911	8923
174.0582524	8802
174.1581137	8927
174.257975	8927
174.3578363	9094
174.4576976	8931
174.5575589	9028
174.6574202	9184
174.7572816	9253
174.8571429	9199
174.9570042	9193
175.0568655	8914
175.1567268	8755
175.2565881	8933
175.3564494	9045
175.4563107	9154
175.556172	8950
175.6560333	8955
175.7558946	8959
175.8557559	8927
175.9556172	8717
176.0554785	8923
176.1553398	8751
176.2552011	8847
176.3550624	8680
176.4549237	8828
176.554785	8730
176.6546463	8775
176.7545076	8886
176.8543689	8824
176.9542302	8873
177.0540915	8661
177.1539528	8685
177.2538141	8324
177.3536755	8432
177.4535368	8324
177.5533981	8378
177.6532594	8496
177.7531207	8399
177.852982	8256
177.9528433	8044
178.0527046	8301
178.1525659	8500
178.2524272	8279
178.3522885	8288
178.4521498	8009
178.5520111	8116
178.6518724	7968
178.7517337	8080
178.851595	7913
178.9514563	8125
179.0513176	7544
179.1511789	7653
179.2510402	7683
179.3509015	7703
179.4507628	7688
179.5506241	7490
179.6504854	7282
179.7503467	7220
179.850208	7220
179.9500693	6999
180.0499307	6742
180.149792	6629
180.2496533	6984
180.3495146	7066
180.4493759	6836
180.5492372	6901
180.6490985	7242
180.7489598	7300
180.8488211	7115
180.9486824	6972
181.0485437	7017
181.148405	7049
181.2482663	7342
181.3481276	7351
181.4479889	7437
181.5478502	7437
181.6477115	7553
181.7475728	7405
181.8474341	7323
181.9472954	7261
182.0471567	7561
182.147018	7557
182.2468793	7810
182.3467406	7887
182.4466019	7516
182.5464632	7801
182.6463245	8022
182.7461859	8144
182.8460472	8071
182.9459085	8093
183.0457698	8189
183.1456311	8305
183.2454924	8138
183.3453537	8185
183.445215	8194
183.5450763	8447
183.6449376	8423
183.7447989	8534
183.8446602	8545
183.9445215	8534
184.0443828	8562
184.1442441	8672
184.2441054	8500
184.3439667	8185
184.443828	8183
184.5436893	8112
184.6435506	7941
184.7434119	8125
184.8432732	7923
184.9431345	8138
185.0429958	8350
185.1428571	8631
185.2427184	8513
185.3425798	8676
185.4424411	8762
185.5423024	8620
185.6421637	8631
185.742025	8509
185.8418863	8464
185.9417476	8459
186.0416089	8644
186.1414702	8657
186.2413315	8620
186.3411928	8762
186.4410541	8730
186.5409154	8869
186.6407767	8693
186.740638	8661
186.8404993	8878
186.9403606	8766
187.0402219	8843
187.1400832	8860
187.2399445	8747
187.3398058	8616
187.4396671	8710
187.5395284	8738
187.6393897	8946
187.739251	9257
187.8391123	9482
187.9389736	9757
188.038835	9626
188.1386963	9506
188.2385576	9536
188.3384189	9716
188.4382802	9626
188.5381415	9666
188.6380028	9789
188.7378641	10035
188.8377254	10031
188.9375867	10325
189.037448	10554
189.1373093	10783
189.2371706	10522
189.3370319	10509
189.4368932	10811
189.5367545	11019
189.6366158	11077
189.7364771	11225
189.8363384	11523
189.9361997	11617
190.036061	11862
190.1359223	11763
190.2357836	11731
190.3356449	11740
190.4355062	11866
190.5353675	12119
190.6352288	12051
190.7350902	12033
190.8349515	12149
190.9348128	12136
191.0346741	12149
191.1345354	12201
191.2343967	12231
191.334258	12235
191.4341193	12366
191.5339806	12722
191.6338419	12737
191.7337032	12794
191.8335645	12799
191.9334258	12692
192.0332871	12970
192.1331484	13330
192.2330097	13592
192.332871	13538
192.4327323	13448
192.5325936	13571
192.6324549	13159
192.7323162	13395
192.8321775	13502
192.9320388	13348
193.0319001	13371
193.1317614	13322
193.2316227	13583
193.331484	13723
193.4313454	13922
193.5312067	13841
193.631068	14034
193.7309293	14169
193.8307906	14630
193.9306519	14475
194.0305132	14696
194.1303745	14692
194.2302358	14745
194.3300971	14773
194.4299584	15101
194.5298197	15489
194.629681	15588
194.7295423	15768
194.8294036	15952
194.9292649	16075
195.0291262	15910
195.1289875	16180
195.2288488	16315
195.3287101	16401
195.4285714	16413
195.5284327	16454
195.628294	16720
195.7281553	16827
195.8280166	16615
195.9278779	16819
196.0277393	17325
196.1276006	17590
196.2274619	17779
196.3273232	18004
196.4271845	17968
196.5270458	18073
196.6269071	18339
196.7267684	18654
196.8266297	18785
196.926491	19166
197.0263523	19085
197.1262136	19190
197.2260749	19171
197.3259362	19411
197.4257975	19942
197.5256588	20189
197.6255201	19947
197.7253814	19803
197.8252427	19702
197.925104	19925
198.0249653	20185
198.1248266	20442
198.2246879	20446
198.3245492	20502
198.4244105	20633
198.5242718	20622
198.6241331	20924
198.7239945	21164
198.8238558	21520
198.9237171	21550
199.0235784	21471
199.1234397	21338
199.223301	21501
199.3231623	21685
199.4230236	21636
199.5228849	21767
199.6227462	21840
199.7226075	21906
199.8224688	21988
199.9223301	22213
200.0221914	22457
200.1220527	22326
200.221914	22539
200.3217753	23025
200.4216366	23062
200.5214979	23006
200.6213592	23358
200.7212205	23521
200.8210818	23628
200.9209431	23709
201.0208044	23683
201.1206657	23962
201.220527	24029
201.3203883	24241
201.4202497	24470
201.520111	24445
201.6199723	24698
201.7198336	24998
201.8196949	25013
201.9195562	25268
202.0194175	25345
202.1192788	25152
202.2191401	25324
202.3190014	25652
202.4188627	25900
202.518724	26192
202.6185853	26769
202.7184466	27075
202.8183079	27122
202.9181692	27251
203.0180305	27540
203.1178918	27950
203.2177531	28306
203.3176144	28226
203.4174757	28199
203.517337	28265
203.6171983	28321
203.7170596	28486
203.8169209	28788
203.9167822	28964
204.0166436	29245
204.1165049	29511
204.2163662	29789
204.3162275	29871
204.4160888	30081
204.5159501	30173
204.6158114	30128
204.7156727	30403
204.815534	30595
204.9153953	30525
205.0152566	30947
205.1151179	31164
205.2149792	31470
205.3148405	31565
205.4147018	31719
205.5145631	31974
205.6144244	32075
205.7142857	32420
205.814147	32287
205.9140083	32096
206.0138696	32186
206.1137309	32169
206.2135922	32218
206.3134535	32673
206.4133148	32808
206.5131761	33089
206.6130374	32799
206.7128988	32782
206.8127601	32958
206.9126214	33215
207.0124827	33299
207.112344	33355
207.2122053	33569
207.3120666	33642
207.4119279	33899
207.5117892	33904
207.6116505	34193
207.7115118	34309
207.8113731	34431
207.9112344	34615
208.0110957	34840
208.110957	35233
208.2108183	35644
208.3106796	36099
208.4105409	36307
208.5104022	36749
208.6102635	37216
208.7101248	37370
208.8099861	37478
208.9098474	37898
209.0097087	37938
209.10957	38140
209.2094313	38459
209.3092926	38717
209.409154	38601
209.5090153	38856
209.6088766	39085
209.7087379	39501
209.8085992	39767
209.9084605	40100
210.0083218	40307
210.1081831	40398
210.2080444	40732
210.3079057	40985
210.407767	41141
210.5076283	41244
210.6074896	41461
210.7073509	41722
210.8072122	41956
210.9070735	42179
211.0069348	42531
211.1067961	42634
211.2066574	43075
211.3065187	43697
211.40638	43980
211.5062413	43815
211.6061026	43543
211.7059639	43787
211.8058252	43809
211.9056865	43922
212.0055479	44062
212.1054092	44409
212.2052705	44739
212.3051318	44883
212.4049931	44838
212.5048544	45136
212.6047157	45215
212.704577	45485
212.8044383	45672
212.9042996	46077
213.0041609	46195
213.1040222	46306
213.2038835	46094
213.3037448	46347
213.4036061	46681
213.5034674	46748
213.6033287	46907
213.70319	47104
213.8030513	47329
213.9029126	47563
214.0027739	47689
214.1026352	47824
214.2024965	48077
214.3023578	48182
214.4022191	48587
214.5020804	48857
214.6019417	49286
214.7018031	49610
214.8016644	50137
214.9015257	50227
215.001387	50290
215.1012483	50701
215.2011096	51181
215.3009709	51389
215.4008322	51340
215.5006935	51619
215.6005548	51765
215.7004161	51880
215.8002774	52178
215.9001387	52566
216	52684
216.0998613	53049
216.1997226	53418
216.2995839	53831
216.3994452	54129
216.4993065	54320
216.5991678	54661
216.6990291	55176
216.7988904	55201
216.8987517	55414
216.998613	55613
217.0984743	55941
217.1983356	56046
217.2981969	56170
217.3980583	56288
217.4979196	56501
217.5977809	56893
217.6976422	57094
217.7975035	57127
217.8973648	57275
217.9972261	57703
218.0970874	57879
218.1969487	57961
218.29681	58362
218.3966713	58632
218.4965326	59176
218.5963939	59564
218.6962552	59650
218.7961165	60079
218.8959778	60218
218.9958391	60503
219.0957004	60728
219.1955617	60889
219.295423	61052
219.3952843	61314
219.4951456	61387
219.5950069	61560
219.6948682	61957
219.7947295	62165
219.8945908	62178
219.9944521	62255
220.0943135	62450
220.1941748	62459
220.2940361	62847
220.3938974	63383
220.4937587	63576
220.59362	63820
220.6934813	64082
220.7933426	64298
220.8932039	64598
220.9930652	64770
221.0929265	65158
221.1927878	65342
221.2926491	65469
221.3925104	65964
221.4923717	66361
221.592233	66401
221.6920943	66217
221.7919556	66078
221.8918169	66311
221.9916782	66712
222.0915395	66770
222.1914008	67402
222.2912621	67771
222.3911234	68204
222.4909847	68412
222.590846	68940
222.6907074	69268
222.7905687	69598
222.89043	69823
222.9902913	70089
223.0901526	70470
223.1900139	70719
223.2898752	71079
223.3897365	71079
223.4895978	71390
223.5894591	71892
223.6893204	72327
223.7891817	72494
223.889043	72644
223.9889043	73170
224.0887656	73594
224.1886269	73794
224.2884882	73991
224.3883495	74269
224.4882108	74405
224.5880721	74825
224.6879334	75108
224.7877947	75365
224.887656	75582
224.9875173	75929
225.0873786	76173
225.1872399	76439
225.2871012	76759
225.3869626	76739
225.4868239	77054
225.5866852	77267
225.6865465	77303
225.7864078	77200
225.8862691	77556
225.9861304	77642
226.0859917	78165
226.185853	78399
226.2857143	78722
226.3855756	78898
226.4854369	79220
226.5852982	79340
226.6851595	79614
226.7850208	79917
226.8848821	80251
226.9847434	80534
227.0846047	80414
227.184466	80733
227.2843273	81066
227.3841886	81377
227.4840499	81647
227.5839112	81936
227.6837725	82161
227.7836338	82639
227.8834951	82901
227.9833564	83310
228.0832178	83501
228.1830791	83810
228.2829404	84071
228.3828017	84605
228.482663	84893
228.5825243	85330
228.6823856	85542
228.7822469	85988
228.8821082	86312
228.9819695	86533
229.0818308	86618
229.1816921	86904
229.2815534	87052
229.3814147	87281
229.481276	87380
229.5811373	87615
229.6809986	88087
229.7808599	88539
229.8807212	88876
229.9805825	89301
230.0804438	89607
230.1803051	90029
230.2801664	90535
230.3800277	90900
230.479889	91035
230.5797503	90913
230.6796117	91404
230.779473	91721
230.8793343	92152
230.9791956	92242
231.0790569	92311
231.1789182	92523
231.2787795	92982
231.3786408	93258
231.4785021	93402
231.5783634	93721
231.6782247	94094
231.778086	94470
231.8779473	94830
231.9778086	95254
232.0776699	95565
232.1775312	96065
232.2773925	96388
232.3772538	96474
232.4771151	96714
232.5769764	97173
232.6768377	97291
232.776699	97619
232.8765603	97971
232.9764216	98543
233.0762829	98575
233.1761442	98468
233.2760055	98567
233.3758669	99098
233.4757282	99278
233.5755895	99255
233.6754508	99495
233.7753121	99887
233.8751734	100269
233.9750347	100681
234.074896	100850
234.1747573	101026
234.2746186	101433
234.3744799	101508
234.4743412	101557
234.5742025	102220
234.6740638	102567
234.7739251	102897
234.8737864	102889
234.9736477	102979
235.073509	103185
235.1733703	103405
235.2732316	104113
235.3730929	104660
235.4729542	104763
235.5728155	104726
235.6726768	105213
235.7725381	105543
235.8723994	105813
235.9722607	105976
236.0721221	106287
236.1719834	106737
236.2718447	107187
236.371706	107535
236.4715673	108002
236.5714286	108570
236.6712899	108885
236.7711512	108761
236.8710125	108566
236.9708738	108716
237.0707351	109108
237.1705964	109318
237.2704577	109462
237.370319	109653
237.4701803	110054
237.5700416	110377
237.6699029	111104
237.7697642	111608
237.8696255	111979
237.9694868	112519
238.0693481	112843
238.1692094	113199
238.2690707	113383
238.368932	113563
238.4687933	113934
238.5686546	114136
238.668516	114241
238.7683773	114393
238.8682386	114498
238.9680999	114678
239.0679612	114798
239.1678225	115026
239.2676838	115109
239.3675451	115366
239.4674064	115566
239.5672677	115902
239.667129	116179
239.7669903	116438
239.8668516	116814
239.9667129	117120
240.0665742	117260
240.1664355	117607
240.2662968	118072
240.3661581	118301
240.4660194	118261
240.5658807	118512
240.665742	118679
240.7656033	119071
240.8654646	119176
240.9653259	119616
241.0651872	119933
241.1650485	120044
241.2649098	119914
241.3647712	120195
241.4646325	120595
241.5644938	120947
241.6643551	121029
241.7642164	121558
241.8640777	122090
241.963939	122591
242.0638003	122748
242.1636616	122980
242.2635229	123029
242.3633842	123258
242.4632455	123507
242.5631068	123741
242.6629681	123893
242.7628294	124163
242.8626907	124457
242.962552	124763
243.0624133	125083
243.1622746	125331
243.2621359	125709
243.3619972	126092
243.4618585	126436
243.5617198	126684
243.6615811	127347
243.7614424	127576
243.8613037	127784
243.961165	128031
244.0610264	128485
244.1608877	128807
244.260749	129113
244.3606103	129338
244.4604716	129707
244.5603329	129829
244.6601942	130005
244.7600555	130533
244.8599168	130783
244.9597781	130966
245.0596394	130811
245.1595007	131163
245.259362	131442
245.3592233	131662
245.4590846	131682
245.5589459	131920
245.6588072	132190
245.7586685	132790
245.8585298	133037
245.9583911	133435
246.0582524	133669
246.1581137	133956
246.257975	133886
246.3578363	134186
246.4576976	134336
246.5575589	134692
246.6574202	134606
246.7572816	134810
246.8571429	134880
246.9570042	135215
247.0568655	135215
247.1567268	135485
247.2565881	135637
247.3564494	135931
247.4563107	136250
247.556172	136495
247.6560333	136602
247.7558946	137211
247.8557559	137464
247.9556172	137661
248.0554785	137882
248.1553398	138111
248.2552011	138094
248.3550624	138139
248.4549237	138409
248.554785	138549
248.6546463	138793
248.7545076	138999
248.8543689	139080
248.9542302	139121
249.0540915	139306
249.1539528	139730
249.2538141	140249
249.3536755	140772
249.4535368	141038
249.5533981	141280
249.6532594	141664
249.7531207	142118
249.852982	142686
249.9528433	143120
250.0527046	143353
250.1525659	143443
250.2524272	143570
250.3522885	143705
250.4521498	143799
250.5520111	144376
250.6518724	144773
250.7517337	144957
250.851595	144670
250.9514563	144719
251.0513176	144873
251.1511789	145471
251.2510402	145782
251.3509015	146085
251.4507628	146372
251.5506241	146814
251.6504854	147103
251.7503467	147257
251.850208	147532
251.9500693	147729
252.0499307	148100
252.149792	148284
252.2496533	148310
252.3495146	148582
252.4493759	148582
252.5492372	148852
252.6490985	149127
252.7489598	149262
252.8488211	149240
252.9486824	149451
253.0485437	149586
253.148405	149725
253.2482663	149929
253.3481276	150145
253.4479889	150362
253.5478502	150690
253.6477115	150943
253.7475728	151110
253.8474341	151228
253.9472954	151556
254.0471567	151670
254.147018	151830
254.2468793	151695
254.3467406	151704
254.4466019	151740
254.5464632	151794
254.6463245	151854
254.7461859	152034
254.8460472	152115
254.9459085	152296
255.0457698	152398
255.1456311	152737
255.2454924	153057
255.3453537	153470
255.445215	153899
255.5450763	154362
255.6449376	154671
255.7447989	155066
255.8446602	155228
255.9445215	155241
256.0443828	155203
256.1442441	155486
256.2441054	155544
256.3439667	155421
256.443828	155580
256.5436893	155674
256.6435506	155915
256.7434119	155863
256.8432732	156084
256.9431345	156626
257.0429958	156873
257.1428571	157089
257.2427184	157188
257.3425798	157568
257.4424411	157902
257.5423024	158118
257.6421637	158406
257.742025	158646
257.8418863	158856
257.9417476	159154
258.0416089	159478
258.1414702	159754
258.2413315	160127
258.3411928	160307
258.4410541	160520
258.5409154	160614
258.6407767	160676
258.740638	160736
258.8404993	160888
258.9403606	161075
259.0402219	161251
259.1400832	161407
259.2399445	161497
259.3398058	160974
259.4396671	161024
259.5395284	161079
259.6393897	161334
259.739251	161742
259.8391123	161922
259.9389736	161952
260.038835	162218
260.1386963	162237
260.2385576	162404
260.3384189	162348
260.4382802	162303
260.5381415	162363
260.6380028	162381
260.7378641	162439
260.8377254	162593
260.9375867	162704
261.037448	163101
261.1373093	163157
261.2371706	163255
261.3370319	163628
261.4368932	163894
261.5367545	163909
261.6366158	164094
261.7364771	164310
261.8363384	164621
261.9361997	164653
262.036061	164522
262.1359223	164548
262.2357836	164381
262.3356449	164482
262.4355062	164612
262.5353675	165148
262.6352288	165223
262.7350902	165084
262.8349515	165386
262.9348128	165532
263.0346741	165779
263.1345354	166126
263.2343967	166473
263.334258	166510
263.4341193	166735
263.5339806	166776
263.6338419	167234
263.7337032	167352
263.8335645	167432
263.9334258	167565
264.0332871	167740
264.1331484	167893
264.2330097	168090
264.332871	168384
264.4327323	168420
264.5325936	168487
264.6324549	168600
264.7323162	168748
264.8321775	169046
264.9320388	169140
265.0319001	169250
265.1317614	169402
265.2316227	169668
265.331484	169867
265.4313454	170002
265.5312067	170290
265.631068	170399
265.7309293	170650
265.8307906	170826
265.9306519	170971
266.0305132	170935
266.1303745	171119
266.2302358	171079
266.3300971	171124
266.4299584	171001
266.5298197	170911
266.629681	171353
266.7295423	171589
266.8294036	171623
266.9292649	171479
267.0291262	171516
267.1289875	171831
267.2288488	172026
267.3287101	172129
267.4285714	172011
267.5284327	172125
267.628294	172277
267.7281553	172431
267.8280166	172539
267.9278779	172652
268.0277393	172444
268.1276006	172288
268.2274619	172547
268.3273232	172652
268.4271845	172599
268.5270458	172596
268.6269071	172689
268.7267684	172551
268.8266297	172521
268.926491	172828
269.0263523	172903
269.1262136	173004
269.2260749	173197
269.3259362	173188
269.4257975	173671
269.5256588	174080
269.6255201	174194
269.7253814	173945
269.8252427	174125
269.925104	174305
270.0249653	174468
270.1248266	174554
270.2246879	174788
270.3245492	174584
270.4244105	175126
270.5242718	174935
270.6241331	174869
270.7239945	174856
270.8238558	175446
270.9237171	175463
271.0235784	175536
271.1234397	175707
271.223301	175690
271.3231623	175838
271.4230236	175960
271.5228849	176140
271.6227462	176173
271.7226075	176558
271.8224688	176708
271.9223301	176567
272.0221914	176685
272.1220527	176914
272.221914	176676
272.3217753	176807
272.4216366	177037
272.5214979	177343
272.6213592	177392
272.7212205	177618
272.8210818	177838
272.9209431	177495
273.0208044	176865
273.1206657	176970
273.220527	177060
273.3203883	177450
273.4202497	177671
273.520111	177933
273.6199723	177330
273.7198336	177180
273.8196949	177045
273.9195562	177114
274.0194175	177163
274.1192788	177073
274.2191401	177470
274.3190014	177808
274.4188627	178063
274.518724	178006
274.6185853	178033
274.7184466	178010
274.8183079	178051
274.9181692	178164
275.0180305	178063
275.1178918	177825
275.2177531	177667
275.3176144	177898
275.4174757	178173
275.517337	178115
275.6171983	177978
275.7170596	177637
275.8169209	177748
275.9167822	177785
276.0166436	178158
276.1165049	177937
276.2163662	177772
276.3162275	178447
276.4160888	178361
276.5159501	177988
276.6158114	178046
276.7156727	178222
276.815534	178199
276.9153953	178505
277.0152566	178668
277.1151179	178672
277.2149792	178546
277.3148405	178775
277.4147018	178962
277.5145631	179380
277.6144244	179082
277.7142857	179178
277.814147	179223
277.9140083	179706
278.0138696	180002
278.1137309	179609
278.2135922	179131
278.3134535	179322
278.4133148	179208
278.5131761	179408
278.6130374	179313
278.7128988	179515
278.8127601	179629
278.9126214	179719
279.0124827	179796
279.112344	179704
279.2122053	179764
279.3120666	179890
279.4119279	180152
279.5117892	179993
279.6116505	180092
279.7115118	179749
279.8113731	179710
279.9112344	179890
280.0110957	179800
280.110957	179858
280.2108183	179785
280.3106796	179866
280.4105409	179457
280.5104022	179258
280.6102635	179082
280.7101248	179024
280.8099861	179245
280.9098474	179298
281.0097087	179616
281.10957	179710
281.2094313	179547
281.3092926	179150
281.409154	179592
281.5090153	179568
281.6088766	179371
281.7087379	179397
281.8085992	179335
281.9084605	178955
282.0083218	178962
282.1081831	178979
282.2080444	179088
282.3079057	178713
282.407767	178902
282.5076283	179101
282.6074896	179223
282.7073509	178514
282.8072122	178460
282.9070735	178439
283.0069348	178696
283.1067961	178619
283.2066574	178434
283.3065187	178501
283.40638	178599
283.5062413	178424
283.6061026	178606
283.7059639	178893
283.8058252	178782
283.9056865	178730
284.0055479	178692
284.1054092	178681
284.2052705	178379
284.3051318	178443
284.4049931	178464
284.5048544	178659
284.6047157	178889
284.704577	179033
284.8044383	178737
284.9042996	178447
285.0041609	178353
285.1040222	178501
285.2038835	178312
285.3037448	178782
285.4036061	178582
285.5034674	178857
285.6033287	178546
285.70319	178867
285.8030513	178610
285.9029126	178737
286.0027739	178385
286.1026352	178293
286.2024965	178447
286.3023578	178610
286.4022191	178775
286.5020804	178280
286.6019417	178411
286.7018031	178164
286.8016644	177789
286.9015257	177939
287.001387	177600
287.1012483	177609
287.2011096	177515
287.3009709	177555
287.4008322	177392
287.5006935	177622
287.6005548	177457
287.7004161	177461
287.8002774	177127
287.9001387	177146
288	176861
288.0998613	176419
288.1997226	176415
288.2995839	176640
288.3994452	176824
288.4993065	176456
288.5991678	176342
288.6990291	176365
288.7988904	176112
288.8987517	175855
288.998613	175995
289.0984743	175724
289.1983356	175900
289.2981969	175684
289.3980583	175703
289.4979196	175298
289.5977809	175328
289.6976422	175626
289.7975035	175328
289.8973648	175298
289.9972261	174882
290.0970874	174710
290.1969487	174625
290.29681	174715
290.3966713	174672
290.4965326	174558
290.5963939	174717
290.6962552	174586
290.7961165	174472
290.8959778	174580
290.9958391	174342
291.0957004	174183
291.1955617	173924
291.295423	173842
291.3952843	173958
291.4951456	174035
291.5950069	174234
291.6948682	174509
291.7947295	174279
291.8945908	174234
291.9944521	173936
292.0943135	174018
292.1941748	174174
292.2940361	174076
292.3938974	173806
292.4937587	173613
292.59362	173205
292.6934813	173405
292.7933426	173094
292.8932039	173143
292.9930652	172701
293.0929265	172972
293.1927878	172665
293.2926491	173102
293.3925104	172633
293.4923717	172453
293.592233	172382
293.6920943	172112
293.7919556	172502
293.8918169	172228
293.9916782	172228
294.0915395	172281
294.1914008	172358
294.2912621	171651
294.3911234	171675
294.4909847	171439
294.590846	171443
294.6907074	170898
294.7905687	171308
294.89043	170478
294.9902913	170742
295.0901526	170412
295.1900139	170723
295.2898752	170429
295.3897365	170277
295.4895978	169704
295.5894591	169638
295.6893204	169582
295.7891817	169426
295.889043	169361
295.9889043	169316
296.0887656	169078
296.1886269	168984
296.2884882	168568
296.3883495	168506
296.4882108	168272
296.5880721	167811
296.6879334	168118
296.7877947	167959
296.887656	167925
296.9875173	167828
297.0873786	167496
297.1872399	167234
297.2871012	167427
297.3869626	167104
297.4868239	166861
297.5866852	166415
297.6865465	166283
297.7864078	166285
297.8862691	166244
297.9861304	166036
298.0859917	166053
298.185853	165856
298.2857143	165843
298.3855756	165496
298.4854369	165577
298.5852982	165223
298.6851595	165639
298.7850208	165354
298.8848821	165185
298.9847434	164949
299.0846047	165211
299.184466	165121
299.2843273	164737
299.3841886	164698
299.4840499	164392
299.5839112	164477
299.6837725	164192
299.7836338	164246
299.8834951	164070
299.9833564	164179
300.0832178	163710
300.1830791	163791
300.2829404	163635
300.3828017	163579
300.482663	163337
300.5825243	163101
300.6823856	163292
300.7822469	163101
300.8821082	162927
300.9819695	162561
301.0818308	162327
301.1816921	161866
301.2815534	161673
301.3814147	161641
301.481276	161154
301.5811373	160998
301.6809986	160854
301.7808599	161358
301.8807212	160496
301.9805825	160578
302.0804438	160065
302.1803051	159744
302.2801664	159583
302.3800277	159510
302.479889	159351
302.5797503	159163
302.6796117	158905
302.779473	158790
302.8793343	158447
302.9791956	158226
303.0790569	158209
303.1789182	158112
303.2787795	157896
303.3786408	157715
303.4785021	157559
303.5783634	157486
303.6782247	157224
303.778086	157261
303.8779473	157104
303.9778086	156811
304.0776699	156558
304.1775312	156234
304.2773925	156086
304.3772538	156112
304.4771151	156005
304.5769764	156039
304.6768377	155990
304.776699	155814
304.8765603	155554
304.9764216	155391
305.0762829	155147
305.1761442	155057
305.2760055	154913
305.3758669	154986
305.4757282	154620
305.5755895	154133
305.6754508	154214
305.7753121	154030
305.8751734	154009
305.9750347	153642
306.074896	153813
306.1747573	153666
306.2746186	153269
306.3744799	153130
306.4743412	152795
306.5742025	152606
306.6740638	152465
306.7739251	152452
306.8737864	151839
306.9736477	151822
307.073509	151625
307.1733703	151404
307.2732316	151196
307.3730929	150523
307.4729542	150379
307.5728155	150081
307.6726768	150173
307.7725381	149982
307.8723994	150096
307.9722607	149772
308.0721221	149286
308.1719834	149253
308.2718447	148979
308.371706	148897
308.4715673	148563
308.5714286	148717
308.6712899	148771
308.7711512	148681
308.8710125	148428
308.9708738	148220
309.0707351	147847
309.1705964	147517
309.2704577	147298
309.370319	146899
309.4701803	146464
309.5700416	146323
309.6699029	145932
309.7697642	145692
309.8696255	145577
309.9694868	145499
310.0693481	144980
310.1692094	144539
310.2690707	144633
310.368932	144380
310.4687933	144273
310.5686546	143949
310.668516	143728
310.7683773	143452
310.8682386	143128
310.9680999	142931
311.0679612	142772
311.1678225	142494
311.2676838	142393
311.3675451	142105
311.4674064	141951
311.5672677	141516
311.667129	141471
311.7669903	141505
311.8668516	141248
311.9667129	140973
312.0665742	140551
312.1664355	140438
312.2662968	140290
312.3661581	140127
312.4660194	139947
312.5658807	139644
312.665742	139473
312.7656033	139121
312.8654646	138870
312.9653259	138549
313.0651872	138643
313.1650485	138495
313.2649098	138167
313.3647712	137959
313.4646325	137603
313.5644938	137350
313.6643551	137014
313.7642164	136986
313.8640777	136958
313.963939	136688
314.0638003	136729
314.1636616	136576
314.2635229	136295
314.3633842	136012
314.4632455	135813
314.5631068	135620
314.6629681	135309
314.7628294	135084
314.8626907	134810
314.962552	134683
315.0624133	134237
315.1622746	133768
315.2621359	133420
315.3619972	133440
315.4618585	132987
315.5617198	132552
315.6615811	132312
315.7614424	132258
315.8613037	131960
315.961165	131592
316.0610264	131442
316.1608877	131266
316.260749	130918
316.3606103	130563
316.4604716	130346
316.5603329	130166
316.6601942	129690
316.7600555	129465
316.8599168	128950
316.9597781	128755
317.0596394	128341
317.1595007	128144
317.259362	128039
317.3592233	127688
317.4590846	127503
317.5589459	127340
317.6588072	127188
317.7586685	127126
317.8585298	126967
317.9583911	126706
318.0582524	126485
318.1581137	126015
318.257975	125814
318.3578363	125475
318.4576976	125421
318.5575589	125021
318.6574202	124791
318.7572816	124555
318.8571429	124384
318.9570042	124120
319.0568655	123678
319.1567268	123316
319.2565881	123271
319.3564494	123010
319.4563107	122754
319.556172	122617
319.6560333	122441
319.7558946	121893
319.8557559	121730
319.9556172	121655
320.0554785	121704
320.1553398	121745
320.2552011	121622
320.3550624	121603
320.4549237	121496
320.554785	120928
320.6546463	120883
320.7545076	120501
320.8543689	120338
320.9542302	119969
321.0540915	119472
321.1539528	118936
321.2538141	118634
321.3536755	118241
321.4535368	117980
321.5533981	117750
321.6532594	117431
321.7531207	117309
321.852982	116837
321.9528433	116606
322.0527046	116175
322.1525659	115877
322.2524272	115579
322.3522885	115562
322.4521498	115231
322.5520111	114848
322.6518724	114372
322.7517337	114258
322.851595	114069
322.9514563	113411
323.0513176	112997
323.1511789	112830
323.2510402	112451
323.3509015	112144
323.4507628	111707
323.5506241	111276
323.6504854	110937
323.7503467	110658
323.850208	110341
323.9500693	109964
324.0499307	109518
324.149792	109436
324.2496533	109396
324.3495146	108978
324.4493759	108611
324.5492372	108360
324.6490985	108066
324.7489598	107687
324.8488211	107301
324.9486824	106930
325.0485437	106945
325.148405	106548
325.2482663	105940
325.3481276	105691
325.4479889	105348
325.5478502	105307
325.6477115	105138
325.7475728	104975
325.8474341	104795
325.9472954	104709
326.0471567	104420
326.147018	104259
326.2468793	104149
326.3467406	103826
326.4466019	103635
326.5464632	103360
326.6463245	103320
326.7461859	102839
326.8460472	102694
326.9459085	102055
327.0457698	101945
327.1456311	101405
327.2454924	101189
327.3453537	100923
327.445215	100719
327.5450763	100543
327.6449376	100170
327.7447989	99990
327.8446602	99900
327.9445215	99540
328.0443828	99038
328.1442441	98862
328.2441054	98715
328.3439667	98481
328.443828	98417
328.5436893	97512
328.6435506	97263
328.7434119	97345
328.8432732	97237
328.9431345	96727
329.0429958	96217
329.1428571	96142
329.2427184	95336
329.3425798	94334
329.4424411	93676
329.5423024	93455
329.6421637	93816
329.742025	93803
329.8418863	93578
329.9417476	93258
330.0416089	92960
330.1414702	92171
330.2413315	92021
330.3411928	91766
330.4410541	91468
330.5409154	91275
330.6407767	90846
330.740638	90598
330.8404993	89869
330.9403606	89644
331.0402219	89060
331.1400832	88981
331.2399445	88524
331.3398058	88479
331.4396671	87988
331.5395284	87620
331.6393897	87768
331.739251	87502
331.8391123	87182
331.9389736	86762
332.038835	86488
332.1386963	86286
332.2385576	86104
332.3384189	85752
332.4382802	85317
332.5381415	85171
332.6380028	84920
332.7378641	84644
332.8377254	84513
332.9375867	84144
333.037448	83596
333.1373093	83415
333.2371706	83360
333.3370319	83175
333.4368932	82897
333.5367545	82517
333.6366158	82485
333.7364771	81883
333.8363384	81994
333.9361997	81597
334.036061	81760
334.1359223	81192
334.2357836	80939
334.3356449	80770
334.4355062	80575
334.5353675	80414
334.6352288	80071
334.7350902	79597
334.8349515	78628
334.9348128	78431
335.0346741	78349
335.1345354	77989
335.2343967	77839
335.334258	77136
335.4341193	77069
335.5339806	76997
335.6338419	76461
335.7337032	75937
335.8335645	75356
335.9334258	74996
336.0332871	75245
336.1331484	75037
336.2330097	74375
336.332871	73703
336.4327323	73185
336.5325936	73050
336.6324549	73251
336.7323162	72927
336.8321775	72662
336.9320388	72117
337.0319001	71765
337.1317614	71504
337.2316227	71313
337.331484	70764
337.4313454	70044
337.5312067	69186
337.631068	68367
337.7309293	68181
337.8307906	68074
337.9306519	68209
338.0305132	68033
338.1303745	67971
338.2302358	67636
338.3300971	67042
338.4299584	67077
338.5298197	66851
338.629681	66551
338.7295423	66416
338.8294036	66200
338.9292649	65852
339.0291262	65599
339.1289875	65265
339.2288488	65100
339.3287101	64527
339.4285714	63486
339.5284327	63494
339.628294	63756
339.7281553	63288
339.8280166	62791
339.9278779	62765
340.0277393	62480
340.1276006	62574
340.2274619	62399
340.3273232	62021
340.4271845	61824
340.5270458	61517
340.6269071	61382
340.7267684	61052
340.8266297	60647
340.926491	60237
341.0263523	59661
341.1262136	59789
341.2260749	59609
341.3259362	59466
341.4257975	58938
341.5256588	58955
341.6255201	58394
341.7253814	57716
341.8252427	57045
341.925104	57450
342.0249653	57302
342.1248266	57015
342.2246879	56370
342.3245492	55630
342.4244105	54505
342.5242718	54355
342.6241331	53319
342.7239945	53094
342.8238558	53049
342.9237171	53270
343.0235784	52792
343.1234397	52376
343.223301	52382
343.3231623	52097
343.4230236	51953
343.5228849	51484
343.6227462	50841
343.7226075	50182
343.8224688	50330
343.9223301	49953
344.0221914	49145
344.1220527	48069
344.221914	48000
344.3217753	47505
344.4216366	47127
344.5214979	46801
344.6213592	46225
344.7212205	46130
344.8210818	46829
344.9209431	46765
345.0208044	46514
345.1206657	46193
345.220527	46017
345.3203883	45399
345.4202497	44175
345.520111	44062
345.6199723	44332
345.7198336	43787
345.8196949	43894
345.9195562	43187
346.0194175	41984
346.1192788	41322
346.2191401	41641
346.3190014	41735
346.4188627	42087
346.518724	41997
346.6185853	41930
346.7184466	41776
346.8183079	41497
346.9181692	41587
347.0180305	41390
347.1178918	41232
347.2177531	40614
347.3176144	39759
347.4174757	39420
347.517337	39551
347.6171983	39461
347.7170596	39424
347.8169209	39362
347.9167822	38344
348.0166436	37906
348.1165049	37833
348.2163662	37608
348.3162275	37670
348.4160888	37109
348.5159501	36933
348.6158114	36901
348.7156727	36802
348.815534	36288
348.9153953	35801
349.0152566	35066
349.1151179	34097
349.2149792	33786
349.3148405	33524
349.4147018	33526
349.5145631	33498
349.6144244	33224
349.7142857	32714
349.814147	32643
349.9140083	32930
350.0138696	32660
350.1137309	32195
350.2135922	31809
350.3134535	31140
350.4133148	31061
350.5131761	30857
350.6130374	30203
350.7128988	28964
350.8127601	28906
350.9126214	28807
351.0124827	28317
351.112344	27843
351.2122053	27161
351.3120666	26837
351.4119279	27139
351.5117892	27127
351.6116505	26473
351.7115118	26016
351.8113731	25454
351.9112344	25630
352.0110957	24968
352.110957	24792
352.2108183	24237
352.3106796	24093
352.4105409	23660
352.5104022	23615
352.6102635	23705
352.7101248	23529
352.8099861	23197
352.9098474	22884
353.0097087	22674
353.10957	22781
353.2094313	22217
353.3092926	21947
353.409154	21632
353.5090153	21587
353.6088766	21696
353.7087379	21304
353.8085992	20686
353.9084605	20776
354.0083218	20843
354.1081831	20768
354.2080444	20446
354.3079057	20144
354.407767	19897
354.5076283	19402
354.6074896	18969
354.7073509	19171
354.8072122	18622
354.9070735	18617
355.0069348	18594
355.1067961	17897
355.2066574	17166
355.3065187	17084
355.40638	17453
355.5062413	17550
355.6061026	17363
355.7059639	17093
355.8058252	16922
355.9056865	16482
356.0055479	15760
356.1054092	15903
356.2052705	15687
356.3051318	15502
356.4049931	14872
356.5048544	14913
356.6047157	14001
356.704577	13714
356.8044383	13772
356.9042996	13596
357.0041609	13290
357.1040222	13077
357.2038835	12602
357.3037448	12051
357.4036061	10991
357.5034674	10591
357.6033287	10889
357.70319	10766
357.8030513	10578
357.9029126	9911
358.0027739	9094
358.1026352	8149
358.2024965	8251
358.3023578	7928
358.4022191	7945
358.5020804	7675
358.6019417	7454
358.7018031	6999
358.8016644	7025
358.9015257	8599
359.001387	9379
359.1012483	9334
359.2011096	7994
359.3009709	6138
359.4008322	3728
359.5006935	5046
359.6005548	7233
359.7004161	8534
359.8002774	8652
359.9001387	7962
360	7409